platform,severity,classification,identifier,external_reference,description,affects,requirements,fixed_in
rubygems,high,na,CVE-2017-7540,https://cve.mitre.org/cgi-bin/cvename.cgi?name=CVE-2017-7540,"rubygem-safemode, as used in Foreman, versions 1.3.2 and earlier are vulnerable to bypassing safe mode limitations via special Ruby syntax. This can lead to deletion of objects for which the user does not have delete permissions or possibly to privilege escalation.",safemode,< 1.3.2,1.3.2
rubygems,high,improper limitation of a pathname to a restricted directory ('path traversal'),CVE-2017-5946,https://cve.mitre.org/cgi-bin/cvename.cgi?name=CVE-2017-5946,"The Zip::File component in the rubyzip gem before 1.2.1 for Ruby has a directory traversal vulnerability. If a site allows uploading of .zip files, an attacker can upload a malicious file that uses ""../"" pathname substrings to write arbitrary files to the filesystem.",rubyzip,< 1.2.1,1.2.1
npm,medium,improper neutralization of input during web page generation ('cross-site scripting'),CVE-2017-1000006,https://cve.mitre.org/cgi-bin/cvename.cgi?name=CVE-2017-1000006,"Plotly, Inc. plotly.js versions prior to 1.16.0 are vulnerable to an XSS issue.",plotly.js,< 1.16.0,1.16.0
rubygems,medium,na,CVE-2016-7798,https://cve.mitre.org/cgi-bin/cvename.cgi?name=CVE-2016-7798,"The openssl gem for Ruby uses the same initialization vector (IV) in GCM Mode (aes-*-gcm) when the IV is set before the key, which makes it easier for context-dependent attackers to bypass the encryption protection mechanism.",openssl,< 2.0.0,2.0.0
npm,medium,improper neutralization of input during web page generation ('cross-site scripting'),CVE-2016-7103,https://cve.mitre.org/cgi-bin/cvename.cgi?name=CVE-2016-7103,Cross-site scripting (XSS) vulnerability in jQuery UI before 1.12.0 might allow remote attackers to inject arbitrary web script or HTML via the closeText parameter of the dialog function.,jquery-ui,< 1.12.0,1.12.0
rubygems,medium,na,CVE-2016-6582,https://cve.mitre.org/cgi-bin/cvename.cgi?name=CVE-2016-6582,The Doorkeeper gem before 4.2.0 for Ruby might allow remote attackers to conduct replay attacks or revoke arbitrary tokens by leveraging failure to implement the OAuth 2.0 Token Revocation specification.,doorkeeper,< 4.2.0,4.2.0
rubygems,medium,null pointer dereference,CVE-2016-6317,https://cve.mitre.org/cgi-bin/cvename.cgi?name=CVE-2016-6317,"Action Record in Ruby on Rails 4.2.x before 4.2.7.1 does not properly consider differences in parameter handling between the Active Record component and the JSON implementation, which allows remote attackers to bypass intended database-query restrictions and perform NULL checks or trigger missing WHERE clauses via a crafted request, as demonstrated by certain ""[nil]"" values, a related issue to CVE-2012-2660, CVE-2012-2694, and CVE-2013-0155.",rails,">= 4.2.0, < 4.2.7.1",4.2.7.1
rubygems,medium,null pointer dereference,CVE-2016-6317,https://cve.mitre.org/cgi-bin/cvename.cgi?name=CVE-2016-6317,"Action Record in Ruby on Rails 4.2.x before 4.2.7.1 does not properly consider differences in parameter handling between the Active Record component and the JSON implementation, which allows remote attackers to bypass intended database-query restrictions and perform NULL checks or trigger missing WHERE clauses via a crafted request, as demonstrated by certain ""[nil]"" values, a related issue to CVE-2012-2660, CVE-2012-2694, and CVE-2013-0155.",activerecord,">= 4.2.0, < 4.2.7.1",4.2.7.1
rubygems,medium,improper neutralization of input during web page generation ('cross-site scripting'),CVE-2016-6316,https://cve.mitre.org/cgi-bin/cvename.cgi?name=CVE-2016-6316,"Cross-site scripting (XSS) vulnerability in Action View in Ruby on Rails 3.x before 3.2.22.3, 4.x before 4.2.7.1, and 5.x before 5.0.0.1 might allow remote attackers to inject arbitrary web script or HTML via text declared as ""HTML safe"" and used as attribute values in tag handlers.",rails,">= 3.0.0, < 3.2.22.3",3.2.22.3
rubygems,medium,improper neutralization of input during web page generation ('cross-site scripting'),CVE-2016-6316,https://cve.mitre.org/cgi-bin/cvename.cgi?name=CVE-2016-6316,"Cross-site scripting (XSS) vulnerability in Action View in Ruby on Rails 3.x before 3.2.22.3, 4.x before 4.2.7.1, and 5.x before 5.0.0.1 might allow remote attackers to inject arbitrary web script or HTML via text declared as ""HTML safe"" and used as attribute values in tag handlers.",rails,">= 4.0.0, < 4.2.7.1",4.2.7.1
rubygems,medium,improper neutralization of input during web page generation ('cross-site scripting'),CVE-2016-6316,https://cve.mitre.org/cgi-bin/cvename.cgi?name=CVE-2016-6316,"Cross-site scripting (XSS) vulnerability in Action View in Ruby on Rails 3.x before 3.2.22.3, 4.x before 4.2.7.1, and 5.x before 5.0.0.1 might allow remote attackers to inject arbitrary web script or HTML via text declared as ""HTML safe"" and used as attribute values in tag handlers.",rails,">= 5.0.0, < 5.0.0.1",5.0.0.1
rubygems,medium,improper neutralization of input during web page generation ('cross-site scripting'),CVE-2016-6316,https://cve.mitre.org/cgi-bin/cvename.cgi?name=CVE-2016-6316,"Cross-site scripting (XSS) vulnerability in Action View in Ruby on Rails 3.x before 3.2.22.3, 4.x before 4.2.7.1, and 5.x before 5.0.0.1 might allow remote attackers to inject arbitrary web script or HTML via text declared as ""HTML safe"" and used as attribute values in tag handlers.",actionview,">= 3.0.0, < 3.2.22.3",3.2.22.3
rubygems,medium,improper neutralization of input during web page generation ('cross-site scripting'),CVE-2016-6316,https://cve.mitre.org/cgi-bin/cvename.cgi?name=CVE-2016-6316,"Cross-site scripting (XSS) vulnerability in Action View in Ruby on Rails 3.x before 3.2.22.3, 4.x before 4.2.7.1, and 5.x before 5.0.0.1 might allow remote attackers to inject arbitrary web script or HTML via text declared as ""HTML safe"" and used as attribute values in tag handlers.",actionview,">= 4.0.0, < 4.2.7.1",4.2.7.1
rubygems,medium,improper neutralization of input during web page generation ('cross-site scripting'),CVE-2016-6316,https://cve.mitre.org/cgi-bin/cvename.cgi?name=CVE-2016-6316,"Cross-site scripting (XSS) vulnerability in Action View in Ruby on Rails 3.x before 3.2.22.3, 4.x before 4.2.7.1, and 5.x before 5.0.0.1 might allow remote attackers to inject arbitrary web script or HTML via text declared as ""HTML safe"" and used as attribute values in tag handlers.",actionview,">= 5.0.0, < 5.0.0.1",5.0.0.1
rubygems,medium,information exposure,CVE-2016-4442,https://cve.mitre.org/cgi-bin/cvename.cgi?name=CVE-2016-4442,The rack-mini-profiler gem before 0.10.1 for Ruby allows remote attackers to obtain sensitive information about allocated strings and objects by leveraging incorrect ordering of security checks.,rack-mini-profiler,< 0.10.1,0.10.1
npm,high,na,CVE-2016-4055,https://cve.mitre.org/cgi-bin/cvename.cgi?name=CVE-2016-4055,"The duration function in the moment package before 2.11.2 for Node.js allows remote attackers to cause a denial of service (CPU consumption) via a long string, aka a ""regular expression Denial of Service (ReDoS).""",moment,< 2.11.2,2.11.2
rubygems,high,information exposure,CVE-2016-3693,https://cve.mitre.org/cgi-bin/cvename.cgi?name=CVE-2016-3693,"The Safemode gem before 1.2.4 for Ruby, when initialized with a delegate object that is a Rails controller, allows context-dependent attackers to obtain sensitive information via the inspect method.",safemode,< 1.2.4,1.2.4
npm,medium,improper input validation,CVE-2016-2537,https://cve.mitre.org/cgi-bin/cvename.cgi?name=CVE-2016-2537,"The is-my-json-valid package before 2.12.4 for Node.js has an incorrect exports['utc-millisec'] regular expression, which allows remote attackers to cause a denial of service (blocked event loop) via a crafted string.",is-my-json-valid,< 2.12.4,2.12.4
rubygems,high,improper input validation,CVE-2016-2098,https://cve.mitre.org/cgi-bin/cvename.cgi?name=CVE-2016-2098,"Action Pack in Ruby on Rails before 3.2.22.2, 4.x before 4.1.14.2, and 4.2.x before 4.2.5.2 allows remote attackers to execute arbitrary Ruby code by leveraging an application's unrestricted use of the render method.",rails,< 3.2.22.2,3.2.22.2
rubygems,high,improper input validation,CVE-2016-2098,https://cve.mitre.org/cgi-bin/cvename.cgi?name=CVE-2016-2098,"Action Pack in Ruby on Rails before 3.2.22.2, 4.x before 4.1.14.2, and 4.2.x before 4.2.5.2 allows remote attackers to execute arbitrary Ruby code by leveraging an application's unrestricted use of the render method.",rails,">= 4.0.0, < 4.1.14.2",4.1.14.2
rubygems,high,improper input validation,CVE-2016-2098,https://cve.mitre.org/cgi-bin/cvename.cgi?name=CVE-2016-2098,"Action Pack in Ruby on Rails before 3.2.22.2, 4.x before 4.1.14.2, and 4.2.x before 4.2.5.2 allows remote attackers to execute arbitrary Ruby code by leveraging an application's unrestricted use of the render method.",rails,">= 4.2.0, < 4.2.5.2",4.2.5.2
rubygems,high,improper input validation,CVE-2016-2098,https://cve.mitre.org/cgi-bin/cvename.cgi?name=CVE-2016-2098,"Action Pack in Ruby on Rails before 3.2.22.2, 4.x before 4.1.14.2, and 4.2.x before 4.2.5.2 allows remote attackers to execute arbitrary Ruby code by leveraging an application's unrestricted use of the render method.",actionpack,">= 3.0.0, < 3.2.22.2",3.2.22.2
rubygems,high,improper input validation,CVE-2016-2098,https://cve.mitre.org/cgi-bin/cvename.cgi?name=CVE-2016-2098,"Action Pack in Ruby on Rails before 3.2.22.2, 4.x before 4.1.14.2, and 4.2.x before 4.2.5.2 allows remote attackers to execute arbitrary Ruby code by leveraging an application's unrestricted use of the render method.",actionpack,">= 4.0.0, < 4.1.14.2",4.1.14.2
rubygems,high,improper input validation,CVE-2016-2098,https://cve.mitre.org/cgi-bin/cvename.cgi?name=CVE-2016-2098,"Action Pack in Ruby on Rails before 3.2.22.2, 4.x before 4.1.14.2, and 4.2.x before 4.2.5.2 allows remote attackers to execute arbitrary Ruby code by leveraging an application's unrestricted use of the render method.",actionpack,">= 4.2.0, < 4.2.5.2",4.2.5.2
rubygems,medium,improper limitation of a pathname to a restricted directory ('path traversal'),CVE-2016-2097,https://cve.mitre.org/cgi-bin/cvename.cgi?name=CVE-2016-2097,Directory traversal vulnerability in Action View in Ruby on Rails before 3.2.22.2 and 4.x before 4.1.14.2 allows remote attackers to read arbitrary files by leveraging an application's unrestricted use of the render method and providing a .. (dot dot) in a pathname.  NOTE: this vulnerability exists because of an incomplete fix for CVE-2016-0752.,rails,">= 3.0.0, < 3.2.22.2",3.2.22.2
rubygems,medium,improper limitation of a pathname to a restricted directory ('path traversal'),CVE-2016-2097,https://cve.mitre.org/cgi-bin/cvename.cgi?name=CVE-2016-2097,Directory traversal vulnerability in Action View in Ruby on Rails before 3.2.22.2 and 4.x before 4.1.14.2 allows remote attackers to read arbitrary files by leveraging an application's unrestricted use of the render method and providing a .. (dot dot) in a pathname.  NOTE: this vulnerability exists because of an incomplete fix for CVE-2016-0752.,rails,">= 4.0.0, < 4.1.14.2",4.1.14.2
rubygems,medium,improper limitation of a pathname to a restricted directory ('path traversal'),CVE-2016-2097,https://cve.mitre.org/cgi-bin/cvename.cgi?name=CVE-2016-2097,Directory traversal vulnerability in Action View in Ruby on Rails before 3.2.22.2 and 4.x before 4.1.14.2 allows remote attackers to read arbitrary files by leveraging an application's unrestricted use of the render method and providing a .. (dot dot) in a pathname.  NOTE: this vulnerability exists because of an incomplete fix for CVE-2016-0752.,actionview,">= 3.0.0, < 3.2.22.2",3.2.22.2
rubygems,medium,improper limitation of a pathname to a restricted directory ('path traversal'),CVE-2016-2097,https://cve.mitre.org/cgi-bin/cvename.cgi?name=CVE-2016-2097,Directory traversal vulnerability in Action View in Ruby on Rails before 3.2.22.2 and 4.x before 4.1.14.2 allows remote attackers to read arbitrary files by leveraging an application's unrestricted use of the render method and providing a .. (dot dot) in a pathname.  NOTE: this vulnerability exists because of an incomplete fix for CVE-2016-0752.,actionview,">= 4.0.0, < 4.1.14.2",4.1.14.2
npm,high,untrusted search path,CVE-2016-1202,https://cve.mitre.org/cgi-bin/cvename.cgi?name=CVE-2016-1202,Untrusted search path vulnerability in Atom Electron before 0.33.5 allows local users to gain privileges via a Trojan horse Node.js module in a parent directory of a directory named on a require line.,electron,< 0.33.5,0.33.5
rubygems,high,improper neutralization of special elements used in a command ('command injection'),CVE-2016-10194,https://cve.mitre.org/cgi-bin/cvename.cgi?name=CVE-2016-10194,The festivaltts4r gem for Ruby allows remote attackers to execute arbitrary commands via shell metacharacters in a string to the (1) to_speech or (2) to_mp3 method in lib/festivaltts4r/festival4r.rb.,festivaltts4r,<= 0.2.0,
rubygems,high,improper access control,CVE-2016-10193,https://cve.mitre.org/cgi-bin/cvename.cgi?name=CVE-2016-10193,"The espeak-ruby gem before 1.0.3 for Ruby allows remote attackers to execute arbitrary commands via shell metacharacters in a string to the speak, save, bytes or bytes_wav method in lib/espeak/speech.rb.",espeak-ruby,< 1.0.3,1.0.3
rubygems,high,improper limitation of a pathname to a restricted directory ('path traversal'),CVE-2016-10173,https://cve.mitre.org/cgi-bin/cvename.cgi?name=CVE-2016-10173,Directory traversal vulnerability in the minitar before 0.6 and archive-tar-minitar 0.5.2 gems for Ruby allows remote attackers to write to arbitrary files via a .. (dot dot) in a TAR archive entry.,archive-tar-minitar,< 0.5.2,0.5.2
rubygems,high,improper limitation of a pathname to a restricted directory ('path traversal'),CVE-2016-10173,https://cve.mitre.org/cgi-bin/cvename.cgi?name=CVE-2016-10173,Directory traversal vulnerability in the minitar before 0.6 and archive-tar-minitar 0.5.2 gems for Ruby allows remote attackers to write to arbitrary files via a .. (dot dot) in a TAR archive entry.,minitar,< 0.6,0.6
rubygems,medium,improper input validation,CVE-2016-0753,https://cve.mitre.org/cgi-bin/cvename.cgi?name=CVE-2016-0753,"Active Model in Ruby on Rails 4.1.x before 4.1.14.1, 4.2.x before 4.2.5.1, and 5.x before 5.0.0.beta1.1 supports the use of instance-level writers for class accessors, which allows remote attackers to bypass intended validation steps via crafted parameters.",rails,">= 4.1.0, < 4.1.14.1",4.1.14.1
rubygems,medium,improper input validation,CVE-2016-0753,https://cve.mitre.org/cgi-bin/cvename.cgi?name=CVE-2016-0753,"Active Model in Ruby on Rails 4.1.x before 4.1.14.1, 4.2.x before 4.2.5.1, and 5.x before 5.0.0.beta1.1 supports the use of instance-level writers for class accessors, which allows remote attackers to bypass intended validation steps via crafted parameters.",rails,">= 4.2.0, < 4.2.5.1",4.2.5.1
rubygems,medium,improper input validation,CVE-2016-0753,https://cve.mitre.org/cgi-bin/cvename.cgi?name=CVE-2016-0753,"Active Model in Ruby on Rails 4.1.x before 4.1.14.1, 4.2.x before 4.2.5.1, and 5.x before 5.0.0.beta1.1 supports the use of instance-level writers for class accessors, which allows remote attackers to bypass intended validation steps via crafted parameters.",activemodel,">= 4.1.0, < 4.1.14.1",4.1.14.1
rubygems,medium,improper input validation,CVE-2016-0753,https://cve.mitre.org/cgi-bin/cvename.cgi?name=CVE-2016-0753,"Active Model in Ruby on Rails 4.1.x before 4.1.14.1, 4.2.x before 4.2.5.1, and 5.x before 5.0.0.beta1.1 supports the use of instance-level writers for class accessors, which allows remote attackers to bypass intended validation steps via crafted parameters.",activemodel,">= 4.2.0, < 4.2.5.1",4.2.5.1
rubygems,medium,improper limitation of a pathname to a restricted directory ('path traversal'),CVE-2016-0752,https://cve.mitre.org/cgi-bin/cvename.cgi?name=CVE-2016-0752,"Directory traversal vulnerability in Action View in Ruby on Rails before 3.2.22.1, 4.0.x and 4.1.x before 4.1.14.1, 4.2.x before 4.2.5.1, and 5.x before 5.0.0.beta1.1 allows remote attackers to read arbitrary files by leveraging an application's unrestricted use of the render method and providing a .. (dot dot) in a pathname.",rails,< 3.2.22.1,3.2.22.1
rubygems,medium,improper limitation of a pathname to a restricted directory ('path traversal'),CVE-2016-0752,https://cve.mitre.org/cgi-bin/cvename.cgi?name=CVE-2016-0752,"Directory traversal vulnerability in Action View in Ruby on Rails before 3.2.22.1, 4.0.x and 4.1.x before 4.1.14.1, 4.2.x before 4.2.5.1, and 5.x before 5.0.0.beta1.1 allows remote attackers to read arbitrary files by leveraging an application's unrestricted use of the render method and providing a .. (dot dot) in a pathname.",rails,">= 4.0.0, < 4.1.14.1",4.1.14.1
rubygems,medium,improper limitation of a pathname to a restricted directory ('path traversal'),CVE-2016-0752,https://cve.mitre.org/cgi-bin/cvename.cgi?name=CVE-2016-0752,"Directory traversal vulnerability in Action View in Ruby on Rails before 3.2.22.1, 4.0.x and 4.1.x before 4.1.14.1, 4.2.x before 4.2.5.1, and 5.x before 5.0.0.beta1.1 allows remote attackers to read arbitrary files by leveraging an application's unrestricted use of the render method and providing a .. (dot dot) in a pathname.",rails,">= 4.2.0, < 4.2.5.1",4.2.5.1
rubygems,medium,improper limitation of a pathname to a restricted directory ('path traversal'),CVE-2016-0752,https://cve.mitre.org/cgi-bin/cvename.cgi?name=CVE-2016-0752,"Directory traversal vulnerability in Action View in Ruby on Rails before 3.2.22.1, 4.0.x and 4.1.x before 4.1.14.1, 4.2.x before 4.2.5.1, and 5.x before 5.0.0.beta1.1 allows remote attackers to read arbitrary files by leveraging an application's unrestricted use of the render method and providing a .. (dot dot) in a pathname.",actionview,">= 4.0.0, < 4.1.14.1",4.1.14.1
rubygems,medium,improper limitation of a pathname to a restricted directory ('path traversal'),CVE-2016-0752,https://cve.mitre.org/cgi-bin/cvename.cgi?name=CVE-2016-0752,"Directory traversal vulnerability in Action View in Ruby on Rails before 3.2.22.1, 4.0.x and 4.1.x before 4.1.14.1, 4.2.x before 4.2.5.1, and 5.x before 5.0.0.beta1.1 allows remote attackers to read arbitrary files by leveraging an application's unrestricted use of the render method and providing a .. (dot dot) in a pathname.",actionview,">= 4.2.0, < 4.2.5.1",4.2.5.1
rubygems,medium,na,CVE-2016-0751,https://cve.mitre.org/cgi-bin/cvename.cgi?name=CVE-2016-0751,"actionpack/lib/action_dispatch/http/mime_type.rb in Action Pack in Ruby on Rails before 3.2.22.1, 4.0.x and 4.1.x before 4.1.14.1, 4.2.x before 4.2.5.1, and 5.x before 5.0.0.beta1.1 does not properly restrict use of the MIME type cache, which allows remote attackers to cause a denial of service (memory consumption) via a crafted HTTP Accept header.",rails,< 3.2.22.1,3.2.22.1
rubygems,medium,na,CVE-2016-0751,https://cve.mitre.org/cgi-bin/cvename.cgi?name=CVE-2016-0751,"actionpack/lib/action_dispatch/http/mime_type.rb in Action Pack in Ruby on Rails before 3.2.22.1, 4.0.x and 4.1.x before 4.1.14.1, 4.2.x before 4.2.5.1, and 5.x before 5.0.0.beta1.1 does not properly restrict use of the MIME type cache, which allows remote attackers to cause a denial of service (memory consumption) via a crafted HTTP Accept header.",rails,">= 4.0.0, < 4.1.14.1",4.1.14.1
rubygems,medium,na,CVE-2016-0751,https://cve.mitre.org/cgi-bin/cvename.cgi?name=CVE-2016-0751,"actionpack/lib/action_dispatch/http/mime_type.rb in Action Pack in Ruby on Rails before 3.2.22.1, 4.0.x and 4.1.x before 4.1.14.1, 4.2.x before 4.2.5.1, and 5.x before 5.0.0.beta1.1 does not properly restrict use of the MIME type cache, which allows remote attackers to cause a denial of service (memory consumption) via a crafted HTTP Accept header.",rails,">= 4.2.0, < 4.2.5.1",4.2.5.1
rubygems,medium,na,CVE-2016-0751,https://cve.mitre.org/cgi-bin/cvename.cgi?name=CVE-2016-0751,"actionpack/lib/action_dispatch/http/mime_type.rb in Action Pack in Ruby on Rails before 3.2.22.1, 4.0.x and 4.1.x before 4.1.14.1, 4.2.x before 4.2.5.1, and 5.x before 5.0.0.beta1.1 does not properly restrict use of the MIME type cache, which allows remote attackers to cause a denial of service (memory consumption) via a crafted HTTP Accept header.",actionpack,< 3.2.22.1,3.2.22.1
rubygems,medium,na,CVE-2016-0751,https://cve.mitre.org/cgi-bin/cvename.cgi?name=CVE-2016-0751,"actionpack/lib/action_dispatch/http/mime_type.rb in Action Pack in Ruby on Rails before 3.2.22.1, 4.0.x and 4.1.x before 4.1.14.1, 4.2.x before 4.2.5.1, and 5.x before 5.0.0.beta1.1 does not properly restrict use of the MIME type cache, which allows remote attackers to cause a denial of service (memory consumption) via a crafted HTTP Accept header.",actionpack,">= 4.0.0, < 4.1.14.1",4.1.14.1
rubygems,medium,na,CVE-2016-0751,https://cve.mitre.org/cgi-bin/cvename.cgi?name=CVE-2016-0751,"actionpack/lib/action_dispatch/http/mime_type.rb in Action Pack in Ruby on Rails before 3.2.22.1, 4.0.x and 4.1.x before 4.1.14.1, 4.2.x before 4.2.5.1, and 5.x before 5.0.0.beta1.1 does not properly restrict use of the MIME type cache, which allows remote attackers to cause a denial of service (memory consumption) via a crafted HTTP Accept header.",actionpack,">= 4.2.0, < 4.2.5.1",4.2.5.1
rubygems,medium,improper neutralization of crlf sequences ('crlf injection'),CVE-2015-9097,https://cve.mitre.org/cgi-bin/cvename.cgi?name=CVE-2015-9097,"The mail gem before 2.5.5 for Ruby (aka A Really Ruby Mail Library) is vulnerable to SMTP command injection via CRLF sequences in a RCPT TO or MAIL FROM command, as demonstrated by CRLF sequences immediately before and after a DATA substring.",mail,< 2.5.5,2.5.5
npm,medium,improper neutralization of input during web page generation ('cross-site scripting'),CVE-2015-8862,https://cve.mitre.org/cgi-bin/cvename.cgi?name=CVE-2015-8862,mustache package before 2.2.1 for Node.js allows remote attackers to conduct cross-site scripting (XSS) attacks by leveraging a template with an attribute that is not quoted.,mustache,< 2.2.1,2.2.1
npm,medium,improper neutralization of input during web page generation ('cross-site scripting'),CVE-2015-8861,https://cve.mitre.org/cgi-bin/cvename.cgi?name=CVE-2015-8861,The handlebars package before 4.0.0 for Node.js allows remote attackers to conduct cross-site scripting (XSS) attacks by leveraging a template with an attribute that is not quoted.,handlebars,< 4.0.0,4.0.0
npm,medium,improper link resolution before file access ('link following'),CVE-2015-8860,https://cve.mitre.org/cgi-bin/cvename.cgi?name=CVE-2015-8860,The tar package before 2.0.0 for Node.js allows remote attackers to write to arbitrary files via a symlink attack in an archive.,tar,< 2.0.0,2.0.0
npm,medium,information exposure,CVE-2015-8859,https://cve.mitre.org/cgi-bin/cvename.cgi?name=CVE-2015-8859,The send package before 0.11.1 for Node.js allows attackers to obtain the root path via unspecified vectors.,send,< 0.11.1,0.11.1
npm,high,na,CVE-2015-8858,https://cve.mitre.org/cgi-bin/cvename.cgi?name=CVE-2015-8858,"The uglify-js package before 2.6.0 for Node.js allows attackers to cause a denial of service (CPU consumption) via crafted input in a parse call, aka a ""regular expression denial of service (ReDoS).""",uglify-js,< 2.6.0,2.6.0
npm,high,na,CVE-2015-8857,https://cve.mitre.org/cgi-bin/cvename.cgi?name=CVE-2015-8857,"The uglify-js package before 2.4.24 for Node.js does not properly account for non-boolean values when rewriting boolean expressions, which might allow attackers to bypass security mechanisms or possibly have unspecified other impact by leveraging improperly rewritten Javascript.",uglify-js,< 2.4.24,2.4.24
npm,medium,improper neutralization of input during web page generation ('cross-site scripting'),CVE-2015-8856,https://cve.mitre.org/cgi-bin/cvename.cgi?name=CVE-2015-8856,Cross-site scripting (XSS) vulnerability in the serve-index package before 1.6.3 for Node.js allows remote attackers to inject arbitrary web script or HTML via a crafted file or directory name.,serve-index,< 1.6.3,1.6.3
npm,high,na,CVE-2015-8855,https://cve.mitre.org/cgi-bin/cvename.cgi?name=CVE-2015-8855,"The semver package before 4.3.2 for Node.js allows attackers to cause a denial of service (CPU consumption) via a long version string, aka a ""regular expression denial of service (ReDoS).""",semver,< 4.3.2,4.3.2
npm,high,na,CVE-2015-8854,https://cve.mitre.org/cgi-bin/cvename.cgi?name=CVE-2015-8854,"The marked package before 0.3.4 for Node.js allows attackers to cause a denial of service (CPU consumption) via unspecified vectors that trigger a ""catastrophic backtracking issue for the em inline rule,"" aka a ""regular expression denial of service (ReDoS).""",marked,< 0.3.4,0.3.4
npm,high,na,CVE-2015-8315,https://cve.mitre.org/cgi-bin/cvename.cgi?name=CVE-2015-8315,"The ms package before 0.7.1 for Node.js allows attackers to cause a denial of service (CPU consumption) via a long version string, aka a ""regular expression denial of service (ReDoS).""",ms,< 0.7.1,0.7.1
rubygems,medium,na,CVE-2015-7581,https://cve.mitre.org/cgi-bin/cvename.cgi?name=CVE-2015-7581,actionpack/lib/action_dispatch/routing/route_set.rb in Action Pack in Ruby on Rails 4.x before 4.2.5.1 and 5.x before 5.0.0.beta1.1 allows remote attackers to cause a denial of service (superfluous caching and memory consumption) by leveraging an application's use of a wildcard controller route.,rails,">= 4.0.0, < 4.2.5.1",4.2.5.1
rubygems,medium,na,CVE-2015-7581,https://cve.mitre.org/cgi-bin/cvename.cgi?name=CVE-2015-7581,actionpack/lib/action_dispatch/routing/route_set.rb in Action Pack in Ruby on Rails 4.x before 4.2.5.1 and 5.x before 5.0.0.beta1.1 allows remote attackers to cause a denial of service (superfluous caching and memory consumption) by leveraging an application's use of a wildcard controller route.,actionpack,">= 4.0.0, < 4.2.5.1",4.2.5.1
rubygems,medium,improper neutralization of input during web page generation ('cross-site scripting'),CVE-2015-7580,https://cve.mitre.org/cgi-bin/cvename.cgi?name=CVE-2015-7580,Cross-site scripting (XSS) vulnerability in lib/rails/html/scrubbers.rb in the rails-html-sanitizer gem before 1.0.3 for Ruby on Rails 4.2.x and 5.x allows remote attackers to inject arbitrary web script or HTML via a crafted CDATA node.,rails-html-sanitizer,< 1.0.3,1.0.3
rubygems,medium,improper neutralization of input during web page generation ('cross-site scripting'),CVE-2015-7579,https://cve.mitre.org/cgi-bin/cvename.cgi?name=CVE-2015-7579,Cross-site scripting (XSS) vulnerability in the rails-html-sanitizer gem 1.0.2 for Ruby on Rails 4.2.x and 5.x allows remote attackers to inject arbitrary web script or HTML via an HTML entity that is mishandled by the Rails::Html::FullSanitizer class.,rails-html-sanitizer,< 1.0.3,1.0.3
rubygems,medium,improper neutralization of input during web page generation ('cross-site scripting'),CVE-2015-7578,https://cve.mitre.org/cgi-bin/cvename.cgi?name=CVE-2015-7578,Cross-site scripting (XSS) vulnerability in the rails-html-sanitizer gem before 1.0.3 for Ruby on Rails 4.2.x and 5.x allows remote attackers to inject arbitrary web script or HTML via crafted tag attributes.,rails-html-sanitizer,< 1.0.3,1.0.3
rubygems,medium,improper access control,CVE-2015-7577,https://cve.mitre.org/cgi-bin/cvename.cgi?name=CVE-2015-7577,"activerecord/lib/active_record/nested_attributes.rb in Active Record in Ruby on Rails 3.1.x and 3.2.x before 3.2.22.1, 4.0.x and 4.1.x before 4.1.14.1, 4.2.x before 4.2.5.1, and 5.x before 5.0.0.beta1.1 does not properly implement a certain destroy option, which allows remote attackers to bypass intended change restrictions by leveraging use of the nested attributes feature.",rails,">= 3.1.0, < 3.2.22.1",3.2.22.1
rubygems,medium,improper access control,CVE-2015-7577,https://cve.mitre.org/cgi-bin/cvename.cgi?name=CVE-2015-7577,"activerecord/lib/active_record/nested_attributes.rb in Active Record in Ruby on Rails 3.1.x and 3.2.x before 3.2.22.1, 4.0.x and 4.1.x before 4.1.14.1, 4.2.x before 4.2.5.1, and 5.x before 5.0.0.beta1.1 does not properly implement a certain destroy option, which allows remote attackers to bypass intended change restrictions by leveraging use of the nested attributes feature.",rails,">= 4.0.0, < 4.1.14.1",4.1.14.1
rubygems,medium,improper access control,CVE-2015-7577,https://cve.mitre.org/cgi-bin/cvename.cgi?name=CVE-2015-7577,"activerecord/lib/active_record/nested_attributes.rb in Active Record in Ruby on Rails 3.1.x and 3.2.x before 3.2.22.1, 4.0.x and 4.1.x before 4.1.14.1, 4.2.x before 4.2.5.1, and 5.x before 5.0.0.beta1.1 does not properly implement a certain destroy option, which allows remote attackers to bypass intended change restrictions by leveraging use of the nested attributes feature.",activerecord,">= 3.1.0, < 3.2.22.1",3.2.22.1
rubygems,medium,improper access control,CVE-2015-7577,https://cve.mitre.org/cgi-bin/cvename.cgi?name=CVE-2015-7577,"activerecord/lib/active_record/nested_attributes.rb in Active Record in Ruby on Rails 3.1.x and 3.2.x before 3.2.22.1, 4.0.x and 4.1.x before 4.1.14.1, 4.2.x before 4.2.5.1, and 5.x before 5.0.0.beta1.1 does not properly implement a certain destroy option, which allows remote attackers to bypass intended change restrictions by leveraging use of the nested attributes feature.",activerecord,">= 4.0.0, < 4.1.14.1",4.1.14.1
rubygems,medium,na,CVE-2015-7576,https://cve.mitre.org/cgi-bin/cvename.cgi?name=CVE-2015-7576,"The http_basic_authenticate_with method in actionpack/lib/action_controller/metal/http_authentication.rb in the Basic Authentication implementation in Action Controller in Ruby on Rails before 3.2.22.1, 4.0.x and 4.1.x before 4.1.14.1, 4.2.x before 4.2.5.1, and 5.x before 5.0.0.beta1.1 does not use a constant-time algorithm for verifying credentials, which makes it easier for remote attackers to bypass authentication by measuring timing differences.",rails,< 3.2.22.1,3.2.22.1
rubygems,medium,na,CVE-2015-7576,https://cve.mitre.org/cgi-bin/cvename.cgi?name=CVE-2015-7576,"The http_basic_authenticate_with method in actionpack/lib/action_controller/metal/http_authentication.rb in the Basic Authentication implementation in Action Controller in Ruby on Rails before 3.2.22.1, 4.0.x and 4.1.x before 4.1.14.1, 4.2.x before 4.2.5.1, and 5.x before 5.0.0.beta1.1 does not use a constant-time algorithm for verifying credentials, which makes it easier for remote attackers to bypass authentication by measuring timing differences.",rails,">= 4.0.0, < 4.1.14.1",4.1.14.1
rubygems,medium,na,CVE-2015-7576,https://cve.mitre.org/cgi-bin/cvename.cgi?name=CVE-2015-7576,"The http_basic_authenticate_with method in actionpack/lib/action_controller/metal/http_authentication.rb in the Basic Authentication implementation in Action Controller in Ruby on Rails before 3.2.22.1, 4.0.x and 4.1.x before 4.1.14.1, 4.2.x before 4.2.5.1, and 5.x before 5.0.0.beta1.1 does not use a constant-time algorithm for verifying credentials, which makes it easier for remote attackers to bypass authentication by measuring timing differences.",actionpack,">= 3.1.0, < 3.2.22.1",3.2.22.1
rubygems,medium,na,CVE-2015-7576,https://cve.mitre.org/cgi-bin/cvename.cgi?name=CVE-2015-7576,"The http_basic_authenticate_with method in actionpack/lib/action_controller/metal/http_authentication.rb in the Basic Authentication implementation in Action Controller in Ruby on Rails before 3.2.22.1, 4.0.x and 4.1.x before 4.1.14.1, 4.2.x before 4.2.5.1, and 5.x before 5.0.0.beta1.1 does not use a constant-time algorithm for verifying credentials, which makes it easier for remote attackers to bypass authentication by measuring timing differences.",actionpack,">= 4.0.0, < 4.1.14.1",4.1.14.1
npm,medium,improper neutralization of input during web page generation ('cross-site scripting'),CVE-2015-7565,https://cve.mitre.org/cgi-bin/cvename.cgi?name=CVE-2015-7565,"Cross-site scripting (XSS) vulnerability in Ember.js 1.8.x through 1.10.x, 1.11.x before 1.11.4, 1.12.x before 1.12.2, 1.13.x before 1.13.12, 2.0.x before 2.0.3, 2.1.x before 2.1.2, and 2.2.x before 2.2.1 allows remote attackers to inject arbitrary web script or HTML.",ember,">= 1.8.0, < 1.11.4",1.11.4
npm,medium,improper neutralization of input during web page generation ('cross-site scripting'),CVE-2015-7565,https://cve.mitre.org/cgi-bin/cvename.cgi?name=CVE-2015-7565,"Cross-site scripting (XSS) vulnerability in Ember.js 1.8.x through 1.10.x, 1.11.x before 1.11.4, 1.12.x before 1.12.2, 1.13.x before 1.13.12, 2.0.x before 2.0.3, 2.1.x before 2.1.2, and 2.2.x before 2.2.1 allows remote attackers to inject arbitrary web script or HTML.",ember,">= 1.12.0, < 1.12.2",1.12.2
npm,medium,improper neutralization of input during web page generation ('cross-site scripting'),CVE-2015-7565,https://cve.mitre.org/cgi-bin/cvename.cgi?name=CVE-2015-7565,"Cross-site scripting (XSS) vulnerability in Ember.js 1.8.x through 1.10.x, 1.11.x before 1.11.4, 1.12.x before 1.12.2, 1.13.x before 1.13.12, 2.0.x before 2.0.3, 2.1.x before 2.1.2, and 2.2.x before 2.2.1 allows remote attackers to inject arbitrary web script or HTML.",ember,">= 1.13.0, < 1.13.12",1.13.12
npm,medium,improper neutralization of input during web page generation ('cross-site scripting'),CVE-2015-7565,https://cve.mitre.org/cgi-bin/cvename.cgi?name=CVE-2015-7565,"Cross-site scripting (XSS) vulnerability in Ember.js 1.8.x through 1.10.x, 1.11.x before 1.11.4, 1.12.x before 1.12.2, 1.13.x before 1.13.12, 2.0.x before 2.0.3, 2.1.x before 2.1.2, and 2.2.x before 2.2.1 allows remote attackers to inject arbitrary web script or HTML.",ember,">= 2.0.0, < 2.0.3",2.0.3
npm,medium,improper neutralization of input during web page generation ('cross-site scripting'),CVE-2015-7565,https://cve.mitre.org/cgi-bin/cvename.cgi?name=CVE-2015-7565,"Cross-site scripting (XSS) vulnerability in Ember.js 1.8.x through 1.10.x, 1.11.x before 1.11.4, 1.12.x before 1.12.2, 1.13.x before 1.13.12, 2.0.x before 2.0.3, 2.1.x before 2.1.2, and 2.2.x before 2.2.1 allows remote attackers to inject arbitrary web script or HTML.",ember,">= 2.1.0, < 2.1.2",2.1.2
npm,medium,improper neutralization of input during web page generation ('cross-site scripting'),CVE-2015-7565,https://cve.mitre.org/cgi-bin/cvename.cgi?name=CVE-2015-7565,"Cross-site scripting (XSS) vulnerability in Ember.js 1.8.x through 1.10.x, 1.11.x before 1.11.4, 1.12.x before 1.12.2, 1.13.x before 1.13.12, 2.0.x before 2.0.3, 2.1.x before 2.1.2, and 2.2.x before 2.2.1 allows remote attackers to inject arbitrary web script or HTML.",ember,">= 2.2.0, < 2.2.1",2.2.1
rubygems,critical,improper neutralization of special elements used in a command ('command injection'),CVE-2015-7541,https://cve.mitre.org/cgi-bin/cvename.cgi?name=CVE-2015-7541,"The initialize method in the Histogram class in lib/colorscore/histogram.rb in the colorscore gem before 0.0.5 for Ruby allows context-dependent attackers to execute arbitrary code via shell metacharacters in the (1) image_path, (2) colors, or (3) depth variable.",colorscore,< 0.0.5,0.0.5
npm,medium,improper limitation of a pathname to a restricted directory ('path traversal'),CVE-2015-5688,https://cve.mitre.org/cgi-bin/cvename.cgi?name=CVE-2015-5688,Directory traversal vulnerability in lib/app/index.js in Geddy before 13.0.8 for Node.js allows remote attackers to read arbitrary files via a ..%2f (dot dot encoded slash) in the PATH_INFO to the default URI.,geddy,< 13.0.8,13.0.8
rubygems,low,information exposure,CVE-2015-3448,https://cve.mitre.org/cgi-bin/cvename.cgi?name=CVE-2015-3448,"REST client for Ruby (aka rest-client) before 1.7.3 logs usernames and passwords, which allows local users to obtain sensitive information by reading the log.",rest-client,< 1.7.3,1.7.3
rubygems,medium,na,CVE-2015-3227,https://cve.mitre.org/cgi-bin/cvename.cgi?name=CVE-2015-3227,"The (1) jdom.rb and (2) rexml.rb components in Active Support in Ruby on Rails before 4.1.11 and 4.2.x before 4.2.2, when JDOM or REXML is enabled, allow remote attackers to cause a denial of service (SystemStackError) via a large XML document depth.",rails,< 4.1.11,4.1.11
rubygems,medium,na,CVE-2015-3227,https://cve.mitre.org/cgi-bin/cvename.cgi?name=CVE-2015-3227,"The (1) jdom.rb and (2) rexml.rb components in Active Support in Ruby on Rails before 4.1.11 and 4.2.x before 4.2.2, when JDOM or REXML is enabled, allow remote attackers to cause a denial of service (SystemStackError) via a large XML document depth.",rails,">= 4.2.0, < 4.2.2",4.2.2
rubygems,medium,na,CVE-2015-3227,https://cve.mitre.org/cgi-bin/cvename.cgi?name=CVE-2015-3227,"The (1) jdom.rb and (2) rexml.rb components in Active Support in Ruby on Rails before 4.1.11 and 4.2.x before 4.2.2, when JDOM or REXML is enabled, allow remote attackers to cause a denial of service (SystemStackError) via a large XML document depth.",activesupport,< 4.1.11,4.1.11
rubygems,medium,na,CVE-2015-3227,https://cve.mitre.org/cgi-bin/cvename.cgi?name=CVE-2015-3227,"The (1) jdom.rb and (2) rexml.rb components in Active Support in Ruby on Rails before 4.1.11 and 4.2.x before 4.2.2, when JDOM or REXML is enabled, allow remote attackers to cause a denial of service (SystemStackError) via a large XML document depth.",activesupport,">= 4.2.0, < 4.2.2",4.2.2
rubygems,medium,improper neutralization of input during web page generation ('cross-site scripting'),CVE-2015-3226,https://cve.mitre.org/cgi-bin/cvename.cgi?name=CVE-2015-3226,Cross-site scripting (XSS) vulnerability in json/encoding.rb in Active Support in Ruby on Rails 3.x and 4.1.x before 4.1.11 and 4.2.x before 4.2.2 allows remote attackers to inject arbitrary web script or HTML via a crafted Hash that is mishandled during JSON encoding.,rails,">= 3.0.0, < 4.0.0",
rubygems,medium,improper neutralization of input during web page generation ('cross-site scripting'),CVE-2015-3226,https://cve.mitre.org/cgi-bin/cvename.cgi?name=CVE-2015-3226,Cross-site scripting (XSS) vulnerability in json/encoding.rb in Active Support in Ruby on Rails 3.x and 4.1.x before 4.1.11 and 4.2.x before 4.2.2 allows remote attackers to inject arbitrary web script or HTML via a crafted Hash that is mishandled during JSON encoding.,rails,">= 4.1.0, < 4.1.11",4.1.11
rubygems,medium,improper neutralization of input during web page generation ('cross-site scripting'),CVE-2015-3226,https://cve.mitre.org/cgi-bin/cvename.cgi?name=CVE-2015-3226,Cross-site scripting (XSS) vulnerability in json/encoding.rb in Active Support in Ruby on Rails 3.x and 4.1.x before 4.1.11 and 4.2.x before 4.2.2 allows remote attackers to inject arbitrary web script or HTML via a crafted Hash that is mishandled during JSON encoding.,rails,">= 4.2.0, < 4.2.2",4.2.2
rubygems,medium,improper neutralization of input during web page generation ('cross-site scripting'),CVE-2015-3226,https://cve.mitre.org/cgi-bin/cvename.cgi?name=CVE-2015-3226,Cross-site scripting (XSS) vulnerability in json/encoding.rb in Active Support in Ruby on Rails 3.x and 4.1.x before 4.1.11 and 4.2.x before 4.2.2 allows remote attackers to inject arbitrary web script or HTML via a crafted Hash that is mishandled during JSON encoding.,activesupport,">= 3.0.0, < 4.0.0",
rubygems,medium,improper neutralization of input during web page generation ('cross-site scripting'),CVE-2015-3226,https://cve.mitre.org/cgi-bin/cvename.cgi?name=CVE-2015-3226,Cross-site scripting (XSS) vulnerability in json/encoding.rb in Active Support in Ruby on Rails 3.x and 4.1.x before 4.1.11 and 4.2.x before 4.2.2 allows remote attackers to inject arbitrary web script or HTML via a crafted Hash that is mishandled during JSON encoding.,activesupport,">= 4.1.0, < 4.1.11",4.1.11
rubygems,medium,improper neutralization of input during web page generation ('cross-site scripting'),CVE-2015-3226,https://cve.mitre.org/cgi-bin/cvename.cgi?name=CVE-2015-3226,Cross-site scripting (XSS) vulnerability in json/encoding.rb in Active Support in Ruby on Rails 3.x and 4.1.x before 4.1.11 and 4.2.x before 4.2.2 allows remote attackers to inject arbitrary web script or HTML via a crafted Hash that is mishandled during JSON encoding.,activesupport,">= 4.2.0, < 4.2.2",4.2.2
rubygems,medium,na,CVE-2015-3225,https://cve.mitre.org/cgi-bin/cvename.cgi?name=CVE-2015-3225,"lib/rack/utils.rb in Rack before 1.5.4 and 1.6.x before 1.6.2, as used with Ruby on Rails 3.x and 4.x and other products, allows remote attackers to cause a denial of service (SystemStackError) via a request with a large parameter depth.",rack,< 1.5.4,1.5.4
rubygems,medium,na,CVE-2015-3225,https://cve.mitre.org/cgi-bin/cvename.cgi?name=CVE-2015-3225,"lib/rack/utils.rb in Rack before 1.5.4 and 1.6.x before 1.6.2, as used with Ruby on Rails 3.x and 4.x and other products, allows remote attackers to cause a denial of service (SystemStackError) via a request with a large parameter depth.",rack,">= 1.6.0, < 1.6.2",1.6.2
rubygems,medium,improper access control,CVE-2015-3224,https://cve.mitre.org/cgi-bin/cvename.cgi?name=CVE-2015-3224,"request.rb in Web Console before 2.1.3, as used with Ruby on Rails 3.x and 4.x, does not properly restrict the use of X-Forwarded-For headers in determining a client's IP address, which allows remote attackers to bypass the whitelisted_ips protection mechanism via a crafted request.",web-console,< 2.1.3,2.1.3
rubygems,medium,improper neutralization of input during web page generation ('cross-site scripting'),CVE-2015-2963,https://cve.mitre.org/cgi-bin/cvename.cgi?name=CVE-2015-2963,"The thoughtbot paperclip gem before 4.2.2 for Ruby does not consider the content-type value during media-type validation, which allows remote attackers to upload HTML documents and conduct cross-site scripting (XSS) attacks via a spoofed value, as demonstrated by image/jpeg.",paperclip,< 4.2.2,4.2.2
rubygems,medium,information exposure,CVE-2015-1840,https://cve.mitre.org/cgi-bin/cvename.cgi?name=CVE-2015-1840,"jquery_ujs.js in jquery-rails before 3.1.3 and 4.x before 4.0.4 and rails.js in jquery-ujs before 1.0.4, as used with Ruby on Rails 3.x and 4.x, allow remote attackers to bypass the Same Origin Policy, and trigger transmission of a CSRF token to a different-domain web server, via a leading space character in a URL within an attribute value.",jquery-rails,< 3.1.3,3.1.3
rubygems,medium,information exposure,CVE-2015-1840,https://cve.mitre.org/cgi-bin/cvename.cgi?name=CVE-2015-1840,"jquery_ujs.js in jquery-rails before 3.1.3 and 4.x before 4.0.4 and rails.js in jquery-ujs before 1.0.4, as used with Ruby on Rails 3.x and 4.x, allow remote attackers to bypass the Same Origin Policy, and trigger transmission of a CSRF token to a different-domain web server, via a leading space character in a URL within an attribute value.",jquery-rails,">= 4.0.0, < 4.0.4",4.0.4
npm,medium,information exposure,CVE-2015-1840,https://cve.mitre.org/cgi-bin/cvename.cgi?name=CVE-2015-1840,"jquery_ujs.js in jquery-rails before 3.1.3 and 4.x before 4.0.4 and rails.js in jquery-ujs before 1.0.4, as used with Ruby on Rails 3.x and 4.x, allow remote attackers to bypass the Same Origin Policy, and trigger transmission of a CSRF token to a different-domain web server, via a leading space character in a URL within an attribute value.",jquery-ujs,< 1.0.4,1.0.4
npm,medium,na,CVE-2015-1370,https://cve.mitre.org/cgi-bin/cvename.cgi?name=CVE-2015-1370,Incomplete blacklist vulnerability in marked 0.3.2 and earlier for Node.js allows remote attackers to conduct cross-site scripting (XSS) attacks via a vbscript tag in a link.,marked,< 0.3.3,0.3.3
npm,high,improper neutralization of special elements used in an sql command ('sql injection'),CVE-2015-1369,https://cve.mitre.org/cgi-bin/cvename.cgi?name=CVE-2015-1369,SQL injection vulnerability in Sequelize before 2.0.0-rc7 for Node.js allows remote attackers to execute arbitrary SQL commands via the order parameter.,sequelize,< 2.0.0-rc8,2.0.0-rc8
npm,medium,improper neutralization of input during web page generation ('cross-site scripting'),CVE-2014-9772,https://cve.mitre.org/cgi-bin/cvename.cgi?name=CVE-2014-9772,The validator package before 2.0.0 for Node.js allows remote attackers to bypass the cross-site scripting (XSS) filter via hex-encoded characters.,validator,< 2.0.0,2.0.0
npm,critical,improper neutralization of special elements used in a command ('command injection'),CVE-2014-9682,https://cve.mitre.org/cgi-bin/cvename.cgi?name=CVE-2014-9682,The dns-sync module before 0.1.1 for node.js allows context-dependent attackers to execute arbitrary commands via shell metacharacters in the first argument to the resolve API function.,dns-sync,< 0.1.1,0.1.1
rubygems,medium,na,CVE-2014-9490,https://cve.mitre.org/cgi-bin/cvename.cgi?name=CVE-2014-9490,The numtok function in lib/raven/okjson.rb in the raven-ruby gem before 0.12.2 for Ruby allows remote attackers to cause a denial of service via a large exponent value in a scientific number.,sentry-raven,< 0.12.2,0.12.2
rubygems,medium,improper limitation of a pathname to a restricted directory ('path traversal'),CVE-2014-7829,https://cve.mitre.org/cgi-bin/cvename.cgi?name=CVE-2014-7829,"Directory traversal vulnerability in actionpack/lib/action_dispatch/middleware/static.rb in Action Pack in Ruby on Rails 3.x before 3.2.21, 4.0.x before 4.0.12, 4.1.x before 4.1.8, and 4.2.x before 4.2.0.beta4, when serve_static_assets is enabled, allows remote attackers to determine the existence of files outside the application root via vectors involving a \ (backslash) character, a similar issue to CVE-2014-7818.",rails,">= 3.0.0, < 3.2.21",3.2.21
rubygems,medium,improper limitation of a pathname to a restricted directory ('path traversal'),CVE-2014-7829,https://cve.mitre.org/cgi-bin/cvename.cgi?name=CVE-2014-7829,"Directory traversal vulnerability in actionpack/lib/action_dispatch/middleware/static.rb in Action Pack in Ruby on Rails 3.x before 3.2.21, 4.0.x before 4.0.12, 4.1.x before 4.1.8, and 4.2.x before 4.2.0.beta4, when serve_static_assets is enabled, allows remote attackers to determine the existence of files outside the application root via vectors involving a \ (backslash) character, a similar issue to CVE-2014-7818.",rails,">= 4.0.0, < 4.0.12",4.0.12
rubygems,medium,improper limitation of a pathname to a restricted directory ('path traversal'),CVE-2014-7829,https://cve.mitre.org/cgi-bin/cvename.cgi?name=CVE-2014-7829,"Directory traversal vulnerability in actionpack/lib/action_dispatch/middleware/static.rb in Action Pack in Ruby on Rails 3.x before 3.2.21, 4.0.x before 4.0.12, 4.1.x before 4.1.8, and 4.2.x before 4.2.0.beta4, when serve_static_assets is enabled, allows remote attackers to determine the existence of files outside the application root via vectors involving a \ (backslash) character, a similar issue to CVE-2014-7818.",rails,">= 4.1.0, < 4.1.8",4.1.8
rubygems,medium,improper limitation of a pathname to a restricted directory ('path traversal'),CVE-2014-7829,https://cve.mitre.org/cgi-bin/cvename.cgi?name=CVE-2014-7829,"Directory traversal vulnerability in actionpack/lib/action_dispatch/middleware/static.rb in Action Pack in Ruby on Rails 3.x before 3.2.21, 4.0.x before 4.0.12, 4.1.x before 4.1.8, and 4.2.x before 4.2.0.beta4, when serve_static_assets is enabled, allows remote attackers to determine the existence of files outside the application root via vectors involving a \ (backslash) character, a similar issue to CVE-2014-7818.",actionpack,">= 3.0.0, < 3.2.21",3.2.21
rubygems,medium,improper limitation of a pathname to a restricted directory ('path traversal'),CVE-2014-7829,https://cve.mitre.org/cgi-bin/cvename.cgi?name=CVE-2014-7829,"Directory traversal vulnerability in actionpack/lib/action_dispatch/middleware/static.rb in Action Pack in Ruby on Rails 3.x before 3.2.21, 4.0.x before 4.0.12, 4.1.x before 4.1.8, and 4.2.x before 4.2.0.beta4, when serve_static_assets is enabled, allows remote attackers to determine the existence of files outside the application root via vectors involving a \ (backslash) character, a similar issue to CVE-2014-7818.",actionpack,">= 4.0.0, < 4.0.12",4.0.12
rubygems,medium,improper limitation of a pathname to a restricted directory ('path traversal'),CVE-2014-7829,https://cve.mitre.org/cgi-bin/cvename.cgi?name=CVE-2014-7829,"Directory traversal vulnerability in actionpack/lib/action_dispatch/middleware/static.rb in Action Pack in Ruby on Rails 3.x before 3.2.21, 4.0.x before 4.0.12, 4.1.x before 4.1.8, and 4.2.x before 4.2.0.beta4, when serve_static_assets is enabled, allows remote attackers to determine the existence of files outside the application root via vectors involving a \ (backslash) character, a similar issue to CVE-2014-7818.",actionpack,">= 4.1.0, < 4.1.8","4.1.8
"
rubygems,medium,improper limitation of a pathname to a restricted directory ('path traversal'),CVE-2014-7819,https://cve.mitre.org/cgi-bin/cvename.cgi?name=CVE-2014-7819,"Multiple directory traversal vulnerabilities in server.rb in Sprockets before 2.0.5, 2.1.x before 2.1.4, 2.2.x before 2.2.3, 2.3.x before 2.3.3, 2.4.x before 2.4.6, 2.5.x before 2.5.1, 2.6.x and 2.7.x before 2.7.1, 2.8.x before 2.8.3, 2.9.x before 2.9.4, 2.10.x before 2.10.2, 2.11.x before 2.11.3, 2.12.x before 2.12.3, and 3.x before 3.0.0.beta.3, as distributed with Ruby on Rails 3.x and 4.x, allow remote attackers to determine the existence of files outside the application root via a ../ (dot dot slash) sequence with (1) double slashes or (2) URL encoding.",sprockets,< 2.0.5,2.0.5
rubygems,medium,improper limitation of a pathname to a restricted directory ('path traversal'),CVE-2014-7819,https://cve.mitre.org/cgi-bin/cvename.cgi?name=CVE-2014-7819,"Multiple directory traversal vulnerabilities in server.rb in Sprockets before 2.0.5, 2.1.x before 2.1.4, 2.2.x before 2.2.3, 2.3.x before 2.3.3, 2.4.x before 2.4.6, 2.5.x before 2.5.1, 2.6.x and 2.7.x before 2.7.1, 2.8.x before 2.8.3, 2.9.x before 2.9.4, 2.10.x before 2.10.2, 2.11.x before 2.11.3, 2.12.x before 2.12.3, and 3.x before 3.0.0.beta.3, as distributed with Ruby on Rails 3.x and 4.x, allow remote attackers to determine the existence of files outside the application root via a ../ (dot dot slash) sequence with (1) double slashes or (2) URL encoding.",sprockets,">= 2.1.0, < 2.1.4",2.1.4
rubygems,medium,improper limitation of a pathname to a restricted directory ('path traversal'),CVE-2014-7819,https://cve.mitre.org/cgi-bin/cvename.cgi?name=CVE-2014-7819,"Multiple directory traversal vulnerabilities in server.rb in Sprockets before 2.0.5, 2.1.x before 2.1.4, 2.2.x before 2.2.3, 2.3.x before 2.3.3, 2.4.x before 2.4.6, 2.5.x before 2.5.1, 2.6.x and 2.7.x before 2.7.1, 2.8.x before 2.8.3, 2.9.x before 2.9.4, 2.10.x before 2.10.2, 2.11.x before 2.11.3, 2.12.x before 2.12.3, and 3.x before 3.0.0.beta.3, as distributed with Ruby on Rails 3.x and 4.x, allow remote attackers to determine the existence of files outside the application root via a ../ (dot dot slash) sequence with (1) double slashes or (2) URL encoding.",sprockets,">= 2.2.0, < 2.2.3",2.2.3
rubygems,medium,improper limitation of a pathname to a restricted directory ('path traversal'),CVE-2014-7819,https://cve.mitre.org/cgi-bin/cvename.cgi?name=CVE-2014-7819,"Multiple directory traversal vulnerabilities in server.rb in Sprockets before 2.0.5, 2.1.x before 2.1.4, 2.2.x before 2.2.3, 2.3.x before 2.3.3, 2.4.x before 2.4.6, 2.5.x before 2.5.1, 2.6.x and 2.7.x before 2.7.1, 2.8.x before 2.8.3, 2.9.x before 2.9.4, 2.10.x before 2.10.2, 2.11.x before 2.11.3, 2.12.x before 2.12.3, and 3.x before 3.0.0.beta.3, as distributed with Ruby on Rails 3.x and 4.x, allow remote attackers to determine the existence of files outside the application root via a ../ (dot dot slash) sequence with (1) double slashes or (2) URL encoding.",sprockets,">= 2.3.0, < 2.3.3",2.3.3
rubygems,medium,improper limitation of a pathname to a restricted directory ('path traversal'),CVE-2014-7819,https://cve.mitre.org/cgi-bin/cvename.cgi?name=CVE-2014-7819,"Multiple directory traversal vulnerabilities in server.rb in Sprockets before 2.0.5, 2.1.x before 2.1.4, 2.2.x before 2.2.3, 2.3.x before 2.3.3, 2.4.x before 2.4.6, 2.5.x before 2.5.1, 2.6.x and 2.7.x before 2.7.1, 2.8.x before 2.8.3, 2.9.x before 2.9.4, 2.10.x before 2.10.2, 2.11.x before 2.11.3, 2.12.x before 2.12.3, and 3.x before 3.0.0.beta.3, as distributed with Ruby on Rails 3.x and 4.x, allow remote attackers to determine the existence of files outside the application root via a ../ (dot dot slash) sequence with (1) double slashes or (2) URL encoding.",sprockets,">= 2.4.0, < 2.4.6",2.4.6
rubygems,medium,improper limitation of a pathname to a restricted directory ('path traversal'),CVE-2014-7819,https://cve.mitre.org/cgi-bin/cvename.cgi?name=CVE-2014-7819,"Multiple directory traversal vulnerabilities in server.rb in Sprockets before 2.0.5, 2.1.x before 2.1.4, 2.2.x before 2.2.3, 2.3.x before 2.3.3, 2.4.x before 2.4.6, 2.5.x before 2.5.1, 2.6.x and 2.7.x before 2.7.1, 2.8.x before 2.8.3, 2.9.x before 2.9.4, 2.10.x before 2.10.2, 2.11.x before 2.11.3, 2.12.x before 2.12.3, and 3.x before 3.0.0.beta.3, as distributed with Ruby on Rails 3.x and 4.x, allow remote attackers to determine the existence of files outside the application root via a ../ (dot dot slash) sequence with (1) double slashes or (2) URL encoding.",sprockets,">= 2.5.0, < 2.5.1",2.5.1
rubygems,medium,improper limitation of a pathname to a restricted directory ('path traversal'),CVE-2014-7819,https://cve.mitre.org/cgi-bin/cvename.cgi?name=CVE-2014-7819,"Multiple directory traversal vulnerabilities in server.rb in Sprockets before 2.0.5, 2.1.x before 2.1.4, 2.2.x before 2.2.3, 2.3.x before 2.3.3, 2.4.x before 2.4.6, 2.5.x before 2.5.1, 2.6.x and 2.7.x before 2.7.1, 2.8.x before 2.8.3, 2.9.x before 2.9.4, 2.10.x before 2.10.2, 2.11.x before 2.11.3, 2.12.x before 2.12.3, and 3.x before 3.0.0.beta.3, as distributed with Ruby on Rails 3.x and 4.x, allow remote attackers to determine the existence of files outside the application root via a ../ (dot dot slash) sequence with (1) double slashes or (2) URL encoding.",sprockets,">= 2.6.0, < 2.7.1",2.7.1
rubygems,medium,improper limitation of a pathname to a restricted directory ('path traversal'),CVE-2014-7819,https://cve.mitre.org/cgi-bin/cvename.cgi?name=CVE-2014-7819,"Multiple directory traversal vulnerabilities in server.rb in Sprockets before 2.0.5, 2.1.x before 2.1.4, 2.2.x before 2.2.3, 2.3.x before 2.3.3, 2.4.x before 2.4.6, 2.5.x before 2.5.1, 2.6.x and 2.7.x before 2.7.1, 2.8.x before 2.8.3, 2.9.x before 2.9.4, 2.10.x before 2.10.2, 2.11.x before 2.11.3, 2.12.x before 2.12.3, and 3.x before 3.0.0.beta.3, as distributed with Ruby on Rails 3.x and 4.x, allow remote attackers to determine the existence of files outside the application root via a ../ (dot dot slash) sequence with (1) double slashes or (2) URL encoding.",sprockets,">= 2.8.0, < 2.8.3",2.8.3
rubygems,medium,improper limitation of a pathname to a restricted directory ('path traversal'),CVE-2014-7819,https://cve.mitre.org/cgi-bin/cvename.cgi?name=CVE-2014-7819,"Multiple directory traversal vulnerabilities in server.rb in Sprockets before 2.0.5, 2.1.x before 2.1.4, 2.2.x before 2.2.3, 2.3.x before 2.3.3, 2.4.x before 2.4.6, 2.5.x before 2.5.1, 2.6.x and 2.7.x before 2.7.1, 2.8.x before 2.8.3, 2.9.x before 2.9.4, 2.10.x before 2.10.2, 2.11.x before 2.11.3, 2.12.x before 2.12.3, and 3.x before 3.0.0.beta.3, as distributed with Ruby on Rails 3.x and 4.x, allow remote attackers to determine the existence of files outside the application root via a ../ (dot dot slash) sequence with (1) double slashes or (2) URL encoding.",sprockets,">= 2.9.0, < 2.9.4",2.9.4
rubygems,medium,improper limitation of a pathname to a restricted directory ('path traversal'),CVE-2014-7819,https://cve.mitre.org/cgi-bin/cvename.cgi?name=CVE-2014-7819,"Multiple directory traversal vulnerabilities in server.rb in Sprockets before 2.0.5, 2.1.x before 2.1.4, 2.2.x before 2.2.3, 2.3.x before 2.3.3, 2.4.x before 2.4.6, 2.5.x before 2.5.1, 2.6.x and 2.7.x before 2.7.1, 2.8.x before 2.8.3, 2.9.x before 2.9.4, 2.10.x before 2.10.2, 2.11.x before 2.11.3, 2.12.x before 2.12.3, and 3.x before 3.0.0.beta.3, as distributed with Ruby on Rails 3.x and 4.x, allow remote attackers to determine the existence of files outside the application root via a ../ (dot dot slash) sequence with (1) double slashes or (2) URL encoding.",sprockets,">= 2.10.0, < 2.10.2",2.10.2
rubygems,medium,improper limitation of a pathname to a restricted directory ('path traversal'),CVE-2014-7819,https://cve.mitre.org/cgi-bin/cvename.cgi?name=CVE-2014-7819,"Multiple directory traversal vulnerabilities in server.rb in Sprockets before 2.0.5, 2.1.x before 2.1.4, 2.2.x before 2.2.3, 2.3.x before 2.3.3, 2.4.x before 2.4.6, 2.5.x before 2.5.1, 2.6.x and 2.7.x before 2.7.1, 2.8.x before 2.8.3, 2.9.x before 2.9.4, 2.10.x before 2.10.2, 2.11.x before 2.11.3, 2.12.x before 2.12.3, and 3.x before 3.0.0.beta.3, as distributed with Ruby on Rails 3.x and 4.x, allow remote attackers to determine the existence of files outside the application root via a ../ (dot dot slash) sequence with (1) double slashes or (2) URL encoding.",sprockets,">= 2.11.0, < 2.11.3",2.11.3
rubygems,medium,improper limitation of a pathname to a restricted directory ('path traversal'),CVE-2014-7819,https://cve.mitre.org/cgi-bin/cvename.cgi?name=CVE-2014-7819,"Multiple directory traversal vulnerabilities in server.rb in Sprockets before 2.0.5, 2.1.x before 2.1.4, 2.2.x before 2.2.3, 2.3.x before 2.3.3, 2.4.x before 2.4.6, 2.5.x before 2.5.1, 2.6.x and 2.7.x before 2.7.1, 2.8.x before 2.8.3, 2.9.x before 2.9.4, 2.10.x before 2.10.2, 2.11.x before 2.11.3, 2.12.x before 2.12.3, and 3.x before 3.0.0.beta.3, as distributed with Ruby on Rails 3.x and 4.x, allow remote attackers to determine the existence of files outside the application root via a ../ (dot dot slash) sequence with (1) double slashes or (2) URL encoding.",sprockets,">= 2.12.0, < 2.12.3",2.12.3
rubygems,medium,improper limitation of a pathname to a restricted directory ('path traversal'),CVE-2014-7818,https://cve.mitre.org/cgi-bin/cvename.cgi?name=CVE-2014-7818,"Directory traversal vulnerability in actionpack/lib/action_dispatch/middleware/static.rb in Action Pack in Ruby on Rails 3.x before 3.2.20, 4.0.x before 4.0.11, 4.1.x before 4.1.7, and 4.2.x before 4.2.0.beta3, when serve_static_assets is enabled, allows remote attackers to determine the existence of files outside the application root via a /..%2F sequence.",rails,">= 3.0.0, < 3.2.20",3.2.20
rubygems,medium,improper limitation of a pathname to a restricted directory ('path traversal'),CVE-2014-7818,https://cve.mitre.org/cgi-bin/cvename.cgi?name=CVE-2014-7818,"Directory traversal vulnerability in actionpack/lib/action_dispatch/middleware/static.rb in Action Pack in Ruby on Rails 3.x before 3.2.20, 4.0.x before 4.0.11, 4.1.x before 4.1.7, and 4.2.x before 4.2.0.beta3, when serve_static_assets is enabled, allows remote attackers to determine the existence of files outside the application root via a /..%2F sequence.",rails,">= 4.0.0, < 4.0.11",4.0.11
rubygems,medium,improper limitation of a pathname to a restricted directory ('path traversal'),CVE-2014-7818,https://cve.mitre.org/cgi-bin/cvename.cgi?name=CVE-2014-7818,"Directory traversal vulnerability in actionpack/lib/action_dispatch/middleware/static.rb in Action Pack in Ruby on Rails 3.x before 3.2.20, 4.0.x before 4.0.11, 4.1.x before 4.1.7, and 4.2.x before 4.2.0.beta3, when serve_static_assets is enabled, allows remote attackers to determine the existence of files outside the application root via a /..%2F sequence.",rails,">= 4.1.0, < 4.1.7",4.1.7
rubygems,medium,improper limitation of a pathname to a restricted directory ('path traversal'),CVE-2014-7818,https://cve.mitre.org/cgi-bin/cvename.cgi?name=CVE-2014-7818,"Directory traversal vulnerability in actionpack/lib/action_dispatch/middleware/static.rb in Action Pack in Ruby on Rails 3.x before 3.2.20, 4.0.x before 4.0.11, 4.1.x before 4.1.7, and 4.2.x before 4.2.0.beta3, when serve_static_assets is enabled, allows remote attackers to determine the existence of files outside the application root via a /..%2F sequence.",actionpack,">= 3.0.0, < 3.2.20",3.2.20
rubygems,medium,improper limitation of a pathname to a restricted directory ('path traversal'),CVE-2014-7818,https://cve.mitre.org/cgi-bin/cvename.cgi?name=CVE-2014-7818,"Directory traversal vulnerability in actionpack/lib/action_dispatch/middleware/static.rb in Action Pack in Ruby on Rails 3.x before 3.2.20, 4.0.x before 4.0.11, 4.1.x before 4.1.7, and 4.2.x before 4.2.0.beta3, when serve_static_assets is enabled, allows remote attackers to determine the existence of files outside the application root via a /..%2F sequence.",actionpack,">= 4.0.0, < 4.0.11",4.0.11
rubygems,medium,improper limitation of a pathname to a restricted directory ('path traversal'),CVE-2014-7818,https://cve.mitre.org/cgi-bin/cvename.cgi?name=CVE-2014-7818,"Directory traversal vulnerability in actionpack/lib/action_dispatch/middleware/static.rb in Action Pack in Ruby on Rails 3.x before 3.2.20, 4.0.x before 4.0.11, 4.1.x before 4.1.7, and 4.2.x before 4.2.0.beta3, when serve_static_assets is enabled, allows remote attackers to determine the existence of files outside the application root via a /..%2F sequence.",actionpack,">= 4.1.0, < 4.1.7",4.1.7
npm,critical,improper control of generation of code ('code injection'),CVE-2014-7205,https://cve.mitre.org/cgi-bin/cvename.cgi?name=CVE-2014-7205,Eval injection vulnerability in the internals.batch function in lib/batch.js in the bassmaster plugin before 1.5.2 for the hapi server framework for Node.js allows remote attackers to execute arbitrary Javascript code via unspecified vectors.,bassmaster,< 1.5.2,1.5.2
npm,medium,improper access control,CVE-2014-7193,https://cve.mitre.org/cgi-bin/cvename.cgi?name=CVE-2014-7193,"The Crumb plugin before 3.0.0 for Node.js does not properly restrict token access in situations where a hapi route handler has CORS enabled, which allows remote attackers to obtain sensitive information, and potentially obtain the ability to spoof requests to non-CORS routes, via a crafted web site that is visited by an application consumer.",crumb,< 3.0.0,3.0.0
npm,critical,improper control of generation of code ('code injection'),CVE-2014-7192,https://cve.mitre.org/cgi-bin/cvename.cgi?name=CVE-2014-7192,"Eval injection vulnerability in index.js in the syntax-error package before 1.1.1 for Node.js 0.10.x, as used in IBM Rational Application Developer and other products, allows remote attackers to execute arbitrary code via a crafted file.",syntax-error,< 1.1.1,1.1.1
npm,medium,resource management errors,CVE-2014-7191,https://cve.mitre.org/cgi-bin/cvename.cgi?name=CVE-2014-7191,"The qs module before 1.0.0 in Node.js does not call the compact function for array data, which allows remote attackers to cause a denial of service (memory consumption) by using a large index value to create a sparse array.",qs,< 1.0.0,1.0.0
npm,high,improper limitation of a pathname to a restricted directory ('path traversal'),CVE-2014-6394,https://cve.mitre.org/cgi-bin/cvename.cgi?name=CVE-2014-6394,"visionmedia send before 0.8.4 for Node.js uses a partial comparison for verifying whether a directory is within the document root, which allows remote attackers to access restricted directories, as demonstrated using ""public-restricted"" under a ""public"" directory.",send,< 0.8.4,0.8.4
npm,medium,na,CVE-2014-3742,https://cve.mitre.org/cgi-bin/cvename.cgi?name=CVE-2014-3742,The hapi server framework 2.0.x and 2.1.x before 2.2.0 for Node.js allows remote attackers to cause a denial of service (file descriptor consumption and process crash) via unspecified vectors.,hapi,">= 2.0.0, < 2.2.0",2.2.0
rubygems,high,na,CVE-2014-3514,https://cve.mitre.org/cgi-bin/cvename.cgi?name=CVE-2014-3514,activerecord/lib/active_record/relation/query_methods.rb in Active Record in Ruby on Rails 4.0.x before 4.0.9 and 4.1.x before 4.1.5 allows remote attackers to bypass the strong parameters protection mechanism via crafted input to an application that makes create_with calls.,rails,">= 4.0.0, < 4.0.9",4.0.9
rubygems,high,na,CVE-2014-3514,https://cve.mitre.org/cgi-bin/cvename.cgi?name=CVE-2014-3514,activerecord/lib/active_record/relation/query_methods.rb in Active Record in Ruby on Rails 4.0.x before 4.0.9 and 4.1.x before 4.1.5 allows remote attackers to bypass the strong parameters protection mechanism via crafted input to an application that makes create_with calls.,rails,">= 4.1.0, < 4.1.5",4.1.5
rubygems,high,na,CVE-2014-3514,https://cve.mitre.org/cgi-bin/cvename.cgi?name=CVE-2014-3514,activerecord/lib/active_record/relation/query_methods.rb in Active Record in Ruby on Rails 4.0.x before 4.0.9 and 4.1.x before 4.1.5 allows remote attackers to bypass the strong parameters protection mechanism via crafted input to an application that makes create_with calls.,activerecord,">= 4.0.0, < 4.0.9",4.0.9
rubygems,high,na,CVE-2014-3514,https://cve.mitre.org/cgi-bin/cvename.cgi?name=CVE-2014-3514,activerecord/lib/active_record/relation/query_methods.rb in Active Record in Ruby on Rails 4.0.x before 4.0.9 and 4.1.x before 4.1.5 allows remote attackers to bypass the strong parameters protection mechanism via crafted input to an application that makes create_with calls.,activerecord,">= 4.1.0, < 4.1.5",4.1.5
rubygems,high,improper neutralization of special elements used in an sql command ('sql injection'),CVE-2014-3483,https://cve.mitre.org/cgi-bin/cvename.cgi?name=CVE-2014-3483,SQL injection vulnerability in activerecord/lib/active_record/connection_adapters/postgresql/quoting.rb in the PostgreSQL adapter for Active Record in Ruby on Rails 4.x before 4.0.7 and 4.1.x before 4.1.3 allows remote attackers to execute arbitrary SQL commands by leveraging improper range quoting.,rails,">= 4.0.0, < 4.0.7",4.0.7
rubygems,high,improper neutralization of special elements used in an sql command ('sql injection'),CVE-2014-3483,https://cve.mitre.org/cgi-bin/cvename.cgi?name=CVE-2014-3483,SQL injection vulnerability in activerecord/lib/active_record/connection_adapters/postgresql/quoting.rb in the PostgreSQL adapter for Active Record in Ruby on Rails 4.x before 4.0.7 and 4.1.x before 4.1.3 allows remote attackers to execute arbitrary SQL commands by leveraging improper range quoting.,rails,">= 4.1.0, < 4.1.3",4.1.3
rubygems,high,improper neutralization of special elements used in an sql command ('sql injection'),CVE-2014-3483,https://cve.mitre.org/cgi-bin/cvename.cgi?name=CVE-2014-3483,SQL injection vulnerability in activerecord/lib/active_record/connection_adapters/postgresql/quoting.rb in the PostgreSQL adapter for Active Record in Ruby on Rails 4.x before 4.0.7 and 4.1.x before 4.1.3 allows remote attackers to execute arbitrary SQL commands by leveraging improper range quoting.,activerecord,">= 4.0.0, < 4.0.7",4.0.7
rubygems,high,improper neutralization of special elements used in an sql command ('sql injection'),CVE-2014-3483,https://cve.mitre.org/cgi-bin/cvename.cgi?name=CVE-2014-3483,SQL injection vulnerability in activerecord/lib/active_record/connection_adapters/postgresql/quoting.rb in the PostgreSQL adapter for Active Record in Ruby on Rails 4.x before 4.0.7 and 4.1.x before 4.1.3 allows remote attackers to execute arbitrary SQL commands by leveraging improper range quoting.,activerecord,">= 4.1.0, < 4.1.3",4.1.3
rubygems,high,improper neutralization of special elements used in an sql command ('sql injection'),CVE-2014-3482,https://cve.mitre.org/cgi-bin/cvename.cgi?name=CVE-2014-3482,SQL injection vulnerability in activerecord/lib/active_record/connection_adapters/postgresql_adapter.rb in the PostgreSQL adapter for Active Record in Ruby on Rails 2.x and 3.x before 3.2.19 allows remote attackers to execute arbitrary SQL commands by leveraging improper bitstring quoting.,rails,">= 2.0.0, < 3.2.19",3.2.19
rubygems,high,improper neutralization of special elements used in an sql command ('sql injection'),CVE-2014-3482,https://cve.mitre.org/cgi-bin/cvename.cgi?name=CVE-2014-3482,SQL injection vulnerability in activerecord/lib/active_record/connection_adapters/postgresql_adapter.rb in the PostgreSQL adapter for Active Record in Ruby on Rails 2.x and 3.x before 3.2.19 allows remote attackers to execute arbitrary SQL commands by leveraging improper bitstring quoting.,activerecord,">= 2.0.0, < 3.2.19",3.2.19
rubygems,medium,na,CVE-2014-3248,https://cve.mitre.org/cgi-bin/cvename.cgi?name=CVE-2014-3248,"Untrusted search path vulnerability in Puppet Enterprise 2.8 before 2.8.7, Puppet before 2.7.26 and 3.x before 3.6.2, Facter 1.6.x and 2.x before 2.0.2, Hiera before 1.3.4, and Mcollective before 2.5.2, when running with Ruby 1.9.1 or earlier, allows local users to gain privileges via a Trojan horse file in the current working directory, as demonstrated using (1) rubygems/defaults/operating_system.rb, (2) Win32API.rb, (3) Win32API.so, (4) safe_yaml.rb, (5) safe_yaml/deep.rb, or (6) safe_yaml/deep.so; or (7) operatingsystem.rb, (8) operatingsystem.so, (9) osfamily.rb, or (10) osfamily.so in puppet/confine.",facter,< 1.7.6,1.7.6
rubygems,medium,na,CVE-2014-3248,https://cve.mitre.org/cgi-bin/cvename.cgi?name=CVE-2014-3248,"Untrusted search path vulnerability in Puppet Enterprise 2.8 before 2.8.7, Puppet before 2.7.26 and 3.x before 3.6.2, Facter 1.6.x and 2.x before 2.0.2, Hiera before 1.3.4, and Mcollective before 2.5.2, when running with Ruby 1.9.1 or earlier, allows local users to gain privileges via a Trojan horse file in the current working directory, as demonstrated using (1) rubygems/defaults/operating_system.rb, (2) Win32API.rb, (3) Win32API.so, (4) safe_yaml.rb, (5) safe_yaml/deep.rb, or (6) safe_yaml/deep.so; or (7) operatingsystem.rb, (8) operatingsystem.so, (9) osfamily.rb, or (10) osfamily.so in puppet/confine.",facter,">= 2.0.0, < 2.0.2",2.0.2
rubygems,medium,na,CVE-2014-3248,https://cve.mitre.org/cgi-bin/cvename.cgi?name=CVE-2014-3248,"Untrusted search path vulnerability in Puppet Enterprise 2.8 before 2.8.7, Puppet before 2.7.26 and 3.x before 3.6.2, Facter 1.6.x and 2.x before 2.0.2, Hiera before 1.3.4, and Mcollective before 2.5.2, when running with Ruby 1.9.1 or earlier, allows local users to gain privileges via a Trojan horse file in the current working directory, as demonstrated using (1) rubygems/defaults/operating_system.rb, (2) Win32API.rb, (3) Win32API.so, (4) safe_yaml.rb, (5) safe_yaml/deep.rb, or (6) safe_yaml/deep.so; or (7) operatingsystem.rb, (8) operatingsystem.so, (9) osfamily.rb, or (10) osfamily.so in puppet/confine.",hiera,< 1.3.4,1.3.4
rubygems,medium,na,CVE-2014-3248,https://cve.mitre.org/cgi-bin/cvename.cgi?name=CVE-2014-3248,"Untrusted search path vulnerability in Puppet Enterprise 2.8 before 2.8.7, Puppet before 2.7.26 and 3.x before 3.6.2, Facter 1.6.x and 2.x before 2.0.2, Hiera before 1.3.4, and Mcollective before 2.5.2, when running with Ruby 1.9.1 or earlier, allows local users to gain privileges via a Trojan horse file in the current working directory, as demonstrated using (1) rubygems/defaults/operating_system.rb, (2) Win32API.rb, (3) Win32API.so, (4) safe_yaml.rb, (5) safe_yaml/deep.rb, or (6) safe_yaml/deep.so; or (7) operatingsystem.rb, (8) operatingsystem.so, (9) osfamily.rb, or (10) osfamily.so in puppet/confine.",puppet,< 2.7.26,2.7.26
rubygems,medium,na,CVE-2014-3248,https://cve.mitre.org/cgi-bin/cvename.cgi?name=CVE-2014-3248,"Untrusted search path vulnerability in Puppet Enterprise 2.8 before 2.8.7, Puppet before 2.7.26 and 3.x before 3.6.2, Facter 1.6.x and 2.x before 2.0.2, Hiera before 1.3.4, and Mcollective before 2.5.2, when running with Ruby 1.9.1 or earlier, allows local users to gain privileges via a Trojan horse file in the current working directory, as demonstrated using (1) rubygems/defaults/operating_system.rb, (2) Win32API.rb, (3) Win32API.so, (4) safe_yaml.rb, (5) safe_yaml/deep.rb, or (6) safe_yaml/deep.so; or (7) operatingsystem.rb, (8) operatingsystem.so, (9) osfamily.rb, or (10) osfamily.so in puppet/confine.",puppet,">= 3.0.0, < 3.6.2",3.6.2
rubygems,medium,na,CVE-2014-3248,https://cve.mitre.org/cgi-bin/cvename.cgi?name=CVE-2014-3248,"Untrusted search path vulnerability in Puppet Enterprise 2.8 before 2.8.7, Puppet before 2.7.26 and 3.x before 3.6.2, Facter 1.6.x and 2.x before 2.0.2, Hiera before 1.3.4, and Mcollective before 2.5.2, when running with Ruby 1.9.1 or earlier, allows local users to gain privileges via a Trojan horse file in the current working directory, as demonstrated using (1) rubygems/defaults/operating_system.rb, (2) Win32API.rb, (3) Win32API.so, (4) safe_yaml.rb, (5) safe_yaml/deep.rb, or (6) safe_yaml/deep.so; or (7) operatingsystem.rb, (8) operatingsystem.so, (9) osfamily.rb, or (10) osfamily.so in puppet/confine.",mcollective-client,< 2.5.2,2.5.2
rubygems,high,na,CVE-2014-2888,https://cve.mitre.org/cgi-bin/cvename.cgi?name=CVE-2014-2888,lib/sfpagent/bsig.rb in the sfpagent gem before 0.4.15 for Ruby allows remote attackers to execute arbitrary commands via shell metacharacters in the module name in a JSON request.,sfpagent,< 0.4.15,0.4.15
rubygems,medium,improper neutralization of input during web page generation ('cross-site scripting'),CVE-2014-2538,https://cve.mitre.org/cgi-bin/cvename.cgi?name=CVE-2014-2538,"Cross-site scripting (XSS) vulnerability in lib/rack/ssl.rb in the rack-ssl gem before 1.4.0 for Ruby allows remote attackers to inject arbitrary web script or HTML via a URI, which might not be properly handled by third-party adapters such as JRuby-Rack.",rack-ssl,< 1.4.0,1.4.0
rubygems,high,na,CVE-2014-2322,https://cve.mitre.org/cgi-bin/cvename.cgi?name=CVE-2014-2322,lib/string_utf_support.rb in the Arabic Prawn 0.0.1 gem for Ruby allows remote attackers to execute arbitrary commands via shell metacharacters in the (1) downloaded_file or (2) url variable.,arabic-prawn,<= 0.0.1,
rubygems,low,information exposure,CVE-2014-1234,https://cve.mitre.org/cgi-bin/cvename.cgi?name=CVE-2014-1234,The paratrooper-newrelic gem 1.0.1 for Ruby allows local users to obtain the X-Api-Key value by listing the curl process.,paratrooper-newrelic,<= 1.0.1,
rubygems,low,information exposure,CVE-2014-1233,https://cve.mitre.org/cgi-bin/cvename.cgi?name=CVE-2014-1233,"The paratrooper-pingdom gem 1.0.0 for Ruby allows local users to obtain the App-Key, username, and password values by listing the curl process.",paratrooper-pingdom,<= 1.0.0,
rubygems,medium,improper limitation of a pathname to a restricted directory ('path traversal'),CVE-2014-0130,https://cve.mitre.org/cgi-bin/cvename.cgi?name=CVE-2014-0130,"Directory traversal vulnerability in actionpack/lib/abstract_controller/base.rb in the implicit-render implementation in Ruby on Rails before 3.2.18, 4.0.x before 4.0.5, and 4.1.x before 4.1.1, when certain route globbing configurations are enabled, allows remote attackers to read arbitrary files via a crafted request.",rails,">= 3.0.0, < 3.2.18",3.2.18
rubygems,medium,improper limitation of a pathname to a restricted directory ('path traversal'),CVE-2014-0130,https://cve.mitre.org/cgi-bin/cvename.cgi?name=CVE-2014-0130,"Directory traversal vulnerability in actionpack/lib/abstract_controller/base.rb in the implicit-render implementation in Ruby on Rails before 3.2.18, 4.0.x before 4.0.5, and 4.1.x before 4.1.1, when certain route globbing configurations are enabled, allows remote attackers to read arbitrary files via a crafted request.",rails,">= 4.0.0, < 4.0.5",4.0.5
rubygems,medium,improper limitation of a pathname to a restricted directory ('path traversal'),CVE-2014-0130,https://cve.mitre.org/cgi-bin/cvename.cgi?name=CVE-2014-0130,"Directory traversal vulnerability in actionpack/lib/abstract_controller/base.rb in the implicit-render implementation in Ruby on Rails before 3.2.18, 4.0.x before 4.0.5, and 4.1.x before 4.1.1, when certain route globbing configurations are enabled, allows remote attackers to read arbitrary files via a crafted request.",rails,"> 4.1.0, < 4.1.1",4.1.1
rubygems,medium,improper limitation of a pathname to a restricted directory ('path traversal'),CVE-2014-0130,https://cve.mitre.org/cgi-bin/cvename.cgi?name=CVE-2014-0130,"Directory traversal vulnerability in actionpack/lib/abstract_controller/base.rb in the implicit-render implementation in Ruby on Rails before 3.2.18, 4.0.x before 4.0.5, and 4.1.x before 4.1.1, when certain route globbing configurations are enabled, allows remote attackers to read arbitrary files via a crafted request.",actionpack,">= 3.0.0, < 3.2.18",3.2.18
rubygems,medium,improper limitation of a pathname to a restricted directory ('path traversal'),CVE-2014-0130,https://cve.mitre.org/cgi-bin/cvename.cgi?name=CVE-2014-0130,"Directory traversal vulnerability in actionpack/lib/abstract_controller/base.rb in the implicit-render implementation in Ruby on Rails before 3.2.18, 4.0.x before 4.0.5, and 4.1.x before 4.1.1, when certain route globbing configurations are enabled, allows remote attackers to read arbitrary files via a crafted request.",actionpack,">= 4.0.0, < 4.0.5",4.0.5
rubygems,medium,improper limitation of a pathname to a restricted directory ('path traversal'),CVE-2014-0130,https://cve.mitre.org/cgi-bin/cvename.cgi?name=CVE-2014-0130,"Directory traversal vulnerability in actionpack/lib/abstract_controller/base.rb in the implicit-render implementation in Ruby on Rails before 3.2.18, 4.0.x before 4.0.5, and 4.1.x before 4.1.1, when certain route globbing configurations are enabled, allows remote attackers to read arbitrary files via a crafted request.",actionpack,">= 4.1.0, < 4.1.1",4.1.1
rubygems,medium,improper input validation,CVE-2014-0082,https://cve.mitre.org/cgi-bin/cvename.cgi?name=CVE-2014-0082,"actionpack/lib/action_view/template/text.rb in Action View in Ruby on Rails 3.x before 3.2.17 converts MIME type strings to symbols during use of the :text option to the render method, which allows remote attackers to cause a denial of service (memory consumption) by including these strings in headers.",rails,">= 3.0.0, < 3.2.17",3.2.17
rubygems,medium,improper input validation,CVE-2014-0082,https://cve.mitre.org/cgi-bin/cvename.cgi?name=CVE-2014-0082,"actionpack/lib/action_view/template/text.rb in Action View in Ruby on Rails 3.x before 3.2.17 converts MIME type strings to symbols during use of the :text option to the render method, which allows remote attackers to cause a denial of service (memory consumption) by including these strings in headers.",actionpack,">= 3.0.0, < 3.2.17",3.2.17
rubygems,medium,improper neutralization of input during web page generation ('cross-site scripting'),CVE-2014-0081,https://cve.mitre.org/cgi-bin/cvename.cgi?name=CVE-2014-0081,"Multiple cross-site scripting (XSS) vulnerabilities in actionview/lib/action_view/helpers/number_helper.rb in Ruby on Rails before 3.2.17, 4.0.x before 4.0.3, and 4.1.x before 4.1.0.beta2 allow remote attackers to inject arbitrary web script or HTML via the (1) format, (2) negative_format, or (3) units parameter to the (a) number_to_currency, (b) number_to_percentage, or (c) number_to_human helper.",rails,">= 3.0.0, < 3.2.17",3.2.17
rubygems,medium,improper neutralization of input during web page generation ('cross-site scripting'),CVE-2014-0081,https://cve.mitre.org/cgi-bin/cvename.cgi?name=CVE-2014-0081,"Multiple cross-site scripting (XSS) vulnerabilities in actionview/lib/action_view/helpers/number_helper.rb in Ruby on Rails before 3.2.17, 4.0.x before 4.0.3, and 4.1.x before 4.1.0.beta2 allow remote attackers to inject arbitrary web script or HTML via the (1) format, (2) negative_format, or (3) units parameter to the (a) number_to_currency, (b) number_to_percentage, or (c) number_to_human helper.",rails,">= 4.0.0, < 4.0.3",4.0.3
rubygems,medium,improper neutralization of input during web page generation ('cross-site scripting'),CVE-2014-0081,https://cve.mitre.org/cgi-bin/cvename.cgi?name=CVE-2014-0081,"Multiple cross-site scripting (XSS) vulnerabilities in actionview/lib/action_view/helpers/number_helper.rb in Ruby on Rails before 3.2.17, 4.0.x before 4.0.3, and 4.1.x before 4.1.0.beta2 allow remote attackers to inject arbitrary web script or HTML via the (1) format, (2) negative_format, or (3) units parameter to the (a) number_to_currency, (b) number_to_percentage, or (c) number_to_human helper.",actionview,">= 3.0.0, < 3.2.17",3.2.17
rubygems,medium,improper neutralization of input during web page generation ('cross-site scripting'),CVE-2014-0081,https://cve.mitre.org/cgi-bin/cvename.cgi?name=CVE-2014-0081,"Multiple cross-site scripting (XSS) vulnerabilities in actionview/lib/action_view/helpers/number_helper.rb in Ruby on Rails before 3.2.17, 4.0.x before 4.0.3, and 4.1.x before 4.1.0.beta2 allow remote attackers to inject arbitrary web script or HTML via the (1) format, (2) negative_format, or (3) units parameter to the (a) number_to_currency, (b) number_to_percentage, or (c) number_to_human helper.",actionview,">= 4.0.0, < 4.0.3",4.0.3
rubygems,medium,improper neutralization of special elements used in an sql command ('sql injection'),CVE-2014-0080,https://cve.mitre.org/cgi-bin/cvename.cgi?name=CVE-2014-0080,"SQL injection vulnerability in activerecord/lib/active_record/connection_adapters/postgresql/cast.rb in Active Record in Ruby on Rails 4.0.x before 4.0.3, and 4.1.0.beta1, when PostgreSQL is used, allows remote attackers to execute ""add data"" SQL commands via vectors involving \ (backslash) characters that are not properly handled in operations on array columns.",activerecord,">= 4.0.0, < 4.0.3",4.0.3
rubygems,medium,improper neutralization of special elements used in an sql command ('sql injection'),CVE-2014-0080,https://cve.mitre.org/cgi-bin/cvename.cgi?name=CVE-2014-0080,"SQL injection vulnerability in activerecord/lib/active_record/connection_adapters/postgresql/cast.rb in Active Record in Ruby on Rails 4.0.x before 4.0.3, and 4.1.0.beta1, when PostgreSQL is used, allows remote attackers to execute ""add data"" SQL commands via vectors involving \ (backslash) characters that are not properly handled in operations on array columns.",activerecord,">= 4.1.0.beta1, < 4.1.0.beta2",4.1.0.beta2
rubygems,medium,na,CVE-2014-0036,https://cve.mitre.org/cgi-bin/cvename.cgi?name=CVE-2014-0036,"The rbovirt gem before 0.0.24 for Ruby uses the rest-client gem with SSL verification disabled, which allows remote attackers to conduct man-in-the-middle attacks via unspecified vectors.",rbovirt,< 0.0.24,0.0.24
rubygems,medium,use of insufficiently random values,CVE-2013-7463,https://cve.mitre.org/cgi-bin/cvename.cgi?name=CVE-2013-7463,"The aescrypt gem 1.0.0 for Ruby does not randomize the CBC IV for use with the AESCrypt.encrypt and AESCrypt.decrypt functions, which allows attackers to defeat cryptographic protection mechanisms via a chosen plaintext attack.",aescrypt,<= 1.0.0,
npm,medium,improper neutralization of input during web page generation ('cross-site scripting'),CVE-2013-7454,https://cve.mitre.org/cgi-bin/cvename.cgi?name=CVE-2013-7454,The validator module before 1.1.0 for Node.js allows remote attackers to bypass the cross-site scripting (XSS) filter via nested forbidden strings.,validator,< 1.1.0,1.1.0
npm,medium,improper neutralization of input during web page generation ('cross-site scripting'),CVE-2013-7453,https://cve.mitre.org/cgi-bin/cvename.cgi?name=CVE-2013-7453,The validator module before 1.1.0 for Node.js allows remote attackers to bypass the cross-site scripting (XSS) filter via vectors related to UI redressing.,validator,< 1.1.0,1.1.0
npm,medium,improper neutralization of input during web page generation ('cross-site scripting'),CVE-2013-7452,https://cve.mitre.org/cgi-bin/cvename.cgi?name=CVE-2013-7452,The validator module before 1.1.0 for Node.js allows remote attackers to bypass the cross-site scripting (XSS) filter via a crafted javascript URI.,validator,< 1.1.0,1.1.0
npm,medium,improper neutralization of input during web page generation ('cross-site scripting'),CVE-2013-7451,https://cve.mitre.org/cgi-bin/cvename.cgi?name=CVE-2013-7451,The validator module before 1.1.0 for Node.js allows remote attackers to bypass the XSS filter via a nested tag.,validator,< 1.1.0,1.1.0
rubygems,medium,information exposure,CVE-2013-7111,https://cve.mitre.org/cgi-bin/cvename.cgi?name=CVE-2013-7111,"The put_call function in the API client (api/api_client.rb) in the BaseSpace Ruby SDK (aka bio-basespace-sdk) gem 0.1.7 for Ruby uses the API_KEY on the command line, which allows remote attackers to obtain sensitive information by listing the processes.",bio-basespace-sdk,<= 0.1.7,
rubygems,high,improper control of generation of code ('code injection'),CVE-2013-7086,https://cve.mitre.org/cgi-bin/cvename.cgi?name=CVE-2013-7086,The message function in lib/webbynode/notify.rb in the Webbynode gem 1.0.5.3 and earlier for Ruby allows context-dependent attackers to execute arbitrary commands via shell metacharacters in a growlnotify message.,webbynode,<= 1.0.5.3,
rubygems,medium,improper neutralization of input during web page generation ('cross-site scripting'),CVE-2013-6459,https://cve.mitre.org/cgi-bin/cvename.cgi?name=CVE-2013-6459,Cross-site scripting (XSS) vulnerability in the will_paginate gem before 3.0.5 for Ruby allows remote attackers to inject arbitrary web script or HTML via vectors involving generated pagination links.,will_paginate,< 3.0.5,3.0.5
rubygems,high,improper control of generation of code ('code injection'),CVE-2013-6421,https://cve.mitre.org/cgi-bin/cvename.cgi?name=CVE-2013-6421,The unpack_zip function in archive_unpacker.rb in the sprout gem 0.7.246 for Ruby allows context-dependent attackers to execute arbitrary commands via shell metacharacters in a (1) filename or (2) path.,sprout,<= 0.7.246,
rubygems,medium,na,CVE-2013-6417,https://cve.mitre.org/cgi-bin/cvename.cgi?name=CVE-2013-6417,"actionpack/lib/action_dispatch/http/request.rb in Ruby on Rails before 3.2.16 and 4.x before 4.0.2 does not properly consider differences in parameter handling between the Active Record component and the JSON implementation, which allows remote attackers to bypass intended database-query restrictions and perform NULL checks or trigger missing WHERE clauses via a crafted request that leverages (1) third-party Rack middleware or (2) custom Rack middleware.  NOTE: this vulnerability exists because of an incomplete fix for CVE-2013-0155.",rails,">= 3.0.0, < 3.2.16",3.2.16
rubygems,medium,na,CVE-2013-6417,https://cve.mitre.org/cgi-bin/cvename.cgi?name=CVE-2013-6417,"actionpack/lib/action_dispatch/http/request.rb in Ruby on Rails before 3.2.16 and 4.x before 4.0.2 does not properly consider differences in parameter handling between the Active Record component and the JSON implementation, which allows remote attackers to bypass intended database-query restrictions and perform NULL checks or trigger missing WHERE clauses via a crafted request that leverages (1) third-party Rack middleware or (2) custom Rack middleware.  NOTE: this vulnerability exists because of an incomplete fix for CVE-2013-0155.",rails,">= 4.0.0, < 4.0.2",4.0.2
rubygems,medium,na,CVE-2013-6417,https://cve.mitre.org/cgi-bin/cvename.cgi?name=CVE-2013-6417,"actionpack/lib/action_dispatch/http/request.rb in Ruby on Rails before 3.2.16 and 4.x before 4.0.2 does not properly consider differences in parameter handling between the Active Record component and the JSON implementation, which allows remote attackers to bypass intended database-query restrictions and perform NULL checks or trigger missing WHERE clauses via a crafted request that leverages (1) third-party Rack middleware or (2) custom Rack middleware.  NOTE: this vulnerability exists because of an incomplete fix for CVE-2013-0155.",actionpack,">= 3.0.0, < 3.2.16",3.2.16
rubygems,medium,na,CVE-2013-6417,https://cve.mitre.org/cgi-bin/cvename.cgi?name=CVE-2013-6417,"actionpack/lib/action_dispatch/http/request.rb in Ruby on Rails before 3.2.16 and 4.x before 4.0.2 does not properly consider differences in parameter handling between the Active Record component and the JSON implementation, which allows remote attackers to bypass intended database-query restrictions and perform NULL checks or trigger missing WHERE clauses via a crafted request that leverages (1) third-party Rack middleware or (2) custom Rack middleware.  NOTE: this vulnerability exists because of an incomplete fix for CVE-2013-0155.",actionpack,">= 4.0.0, < 4.0.2",4.0.2
rubygems,medium,improper neutralization of input during web page generation ('cross-site scripting'),CVE-2013-6416,https://cve.mitre.org/cgi-bin/cvename.cgi?name=CVE-2013-6416,Cross-site scripting (XSS) vulnerability in the simple_format helper in actionpack/lib/action_view/helpers/text_helper.rb in Ruby on Rails 4.x before 4.0.2 allows remote attackers to inject arbitrary web script or HTML via a crafted HTML attribute.,rails,">= 4.0.0, < 4.0.2",4.0.2
rubygems,medium,improper neutralization of input during web page generation ('cross-site scripting'),CVE-2013-6416,https://cve.mitre.org/cgi-bin/cvename.cgi?name=CVE-2013-6416,Cross-site scripting (XSS) vulnerability in the simple_format helper in actionpack/lib/action_view/helpers/text_helper.rb in Ruby on Rails 4.x before 4.0.2 allows remote attackers to inject arbitrary web script or HTML via a crafted HTML attribute.,actionpack,">= 4.0.0, < 4.0.2",4.0.2
rubygems,medium,improper neutralization of input during web page generation ('cross-site scripting'),CVE-2013-6415,https://cve.mitre.org/cgi-bin/cvename.cgi?name=CVE-2013-6415,Cross-site scripting (XSS) vulnerability in the number_to_currency helper in actionpack/lib/action_view/helpers/number_helper.rb in Ruby on Rails before 3.2.16 and 4.x before 4.0.2 allows remote attackers to inject arbitrary web script or HTML via the unit parameter.,rails,">= 3.0.0, < 3.2.16",3.2.16
rubygems,medium,improper neutralization of input during web page generation ('cross-site scripting'),CVE-2013-6415,https://cve.mitre.org/cgi-bin/cvename.cgi?name=CVE-2013-6415,Cross-site scripting (XSS) vulnerability in the number_to_currency helper in actionpack/lib/action_view/helpers/number_helper.rb in Ruby on Rails before 3.2.16 and 4.x before 4.0.2 allows remote attackers to inject arbitrary web script or HTML via the unit parameter.,rails,">= 4.0.0, < 4.0.2",4.0.2
rubygems,medium,improper neutralization of input during web page generation ('cross-site scripting'),CVE-2013-6415,https://cve.mitre.org/cgi-bin/cvename.cgi?name=CVE-2013-6415,Cross-site scripting (XSS) vulnerability in the number_to_currency helper in actionpack/lib/action_view/helpers/number_helper.rb in Ruby on Rails before 3.2.16 and 4.x before 4.0.2 allows remote attackers to inject arbitrary web script or HTML via the unit parameter.,actionpack,">= 3.0.0, < 3.2.16",3.2.16
rubygems,medium,improper neutralization of input during web page generation ('cross-site scripting'),CVE-2013-6415,https://cve.mitre.org/cgi-bin/cvename.cgi?name=CVE-2013-6415,Cross-site scripting (XSS) vulnerability in the number_to_currency helper in actionpack/lib/action_view/helpers/number_helper.rb in Ruby on Rails before 3.2.16 and 4.x before 4.0.2 allows remote attackers to inject arbitrary web script or HTML via the unit parameter.,actionpack,">= 4.0.0, < 4.0.2",4.0.2
rubygems,medium,improper input validation,CVE-2013-6414,https://cve.mitre.org/cgi-bin/cvename.cgi?name=CVE-2013-6414,actionpack/lib/action_view/lookup_context.rb in Action View in Ruby on Rails 3.x before 3.2.16 and 4.x before 4.0.2 allows remote attackers to cause a denial of service (memory consumption) via a header containing an invalid MIME type that leads to excessive caching.,rails,">= 3.0.0, < 3.2.16",3.2.16
rubygems,medium,improper input validation,CVE-2013-6414,https://cve.mitre.org/cgi-bin/cvename.cgi?name=CVE-2013-6414,actionpack/lib/action_view/lookup_context.rb in Action View in Ruby on Rails 3.x before 3.2.16 and 4.x before 4.0.2 allows remote attackers to cause a denial of service (memory consumption) via a header containing an invalid MIME type that leads to excessive caching.,rails,">= 4.0.0, < 4.0.2",4.0.2
rubygems,medium,improper input validation,CVE-2013-6414,https://cve.mitre.org/cgi-bin/cvename.cgi?name=CVE-2013-6414,actionpack/lib/action_view/lookup_context.rb in Action View in Ruby on Rails 3.x before 3.2.16 and 4.x before 4.0.2 allows remote attackers to cause a denial of service (memory consumption) via a header containing an invalid MIME type that leads to excessive caching.,actionpack,">= 3.0.0, < 3.2.16",3.2.16
rubygems,medium,improper input validation,CVE-2013-6414,https://cve.mitre.org/cgi-bin/cvename.cgi?name=CVE-2013-6414,actionpack/lib/action_view/lookup_context.rb in Action View in Ruby on Rails 3.x before 3.2.16 and 4.x before 4.0.2 allows remote attackers to cause a denial of service (memory consumption) via a header containing an invalid MIME type that leads to excessive caching.,actionpack,">= 4.0.0, < 4.0.2",4.0.2
rubygems,high,na,CVE-2013-5671,https://cve.mitre.org/cgi-bin/cvename.cgi?name=CVE-2013-5671,lib/dragonfly/imagemagickutils.rb in the fog-dragonfly gem 0.8.2 for Ruby allows remote attackers to execute arbitrary commands via unspecified vectors.,dragonfly,<= 0.9.15,
rubygems,high,improper control of generation of code ('code injection'),CVE-2013-5647,https://cve.mitre.org/cgi-bin/cvename.cgi?name=CVE-2013-5647,lib/sounder/sound.rb in the sounder gem 1.0.1 for Ruby allows remote attackers to execute arbitrary commands via shell metacharacters in a filename.,sounder,< 1.0.2,1.0.2
rubygems,medium,na,CVE-2013-4761,https://cve.mitre.org/cgi-bin/cvename.cgi?name=CVE-2013-4761,"Unspecified vulnerability in Puppet 2.7.x before 2.7.23 and 3.2.x before 3.2.4, and Puppet Enterprise 2.8.x before 2.8.3 and 3.0.x before 3.0.1, allows remote attackers to execute arbitrary Ruby programs from the master via the resource_type service.  NOTE: this vulnerability can only be exploited utilizing unspecified ""local file system access"" to the Puppet Master.",puppet,">= 2.7.0, < 2.7.23",2.7.23
rubygems,medium,na,CVE-2013-4761,https://cve.mitre.org/cgi-bin/cvename.cgi?name=CVE-2013-4761,"Unspecified vulnerability in Puppet 2.7.x before 2.7.23 and 3.2.x before 3.2.4, and Puppet Enterprise 2.8.x before 2.8.3 and 3.0.x before 3.0.1, allows remote attackers to execute arbitrary Ruby programs from the master via the resource_type service.  NOTE: this vulnerability can only be exploited utilizing unspecified ""local file system access"" to the Puppet Master.",puppet,"> 3.2.0, < 3.2.4",3.2.4
npm,medium,improper input validation,CVE-2013-4660,https://cve.mitre.org/cgi-bin/cvename.cgi?name=CVE-2013-4660,"The JS-YAML module before 2.0.5 for Node.js parses input without properly considering the unsafe !!js/function tag, which allows remote attackers to execute arbitrary code via a crafted string that triggers an eval operation.",js-yaml,< 2.0.5,2.0.5
rubygems,medium,na,CVE-2013-4562,https://cve.mitre.org/cgi-bin/cvename.cgi?name=CVE-2013-4562,"The omniauth-facebook gem 1.4.1 before 1.5.0 does not properly store the session parameter, which allows remote attackers to conduct cross-site request forgery (CSRF) attacks via the state parameter.",omniauth-facebook,">= 1.4.1, < 1.5.0",1.5.0
rubygems,medium,improper neutralization of input during web page generation ('cross-site scripting'),CVE-2013-4492,https://cve.mitre.org/cgi-bin/cvename.cgi?name=CVE-2013-4492,Cross-site scripting (XSS) vulnerability in exceptions.rb in the i18n gem before 0.6.6 for Ruby allows remote attackers to inject arbitrary web script or HTML via a crafted I18n::MissingTranslationData.new call.,i18n,< 0.6.6,0.6.6
rubygems,medium,improper neutralization of input during web page generation ('cross-site scripting'),CVE-2013-4491,https://cve.mitre.org/cgi-bin/cvename.cgi?name=CVE-2013-4491,Cross-site scripting (XSS) vulnerability in actionpack/lib/action_view/helpers/translation_helper.rb in the internationalization component in Ruby on Rails 3.x before 3.2.16 and 4.x before 4.0.2 allows remote attackers to inject arbitrary web script or HTML via a crafted string that triggers generation of a fallback string by the i18n gem.,rails,">= 3.0.0, < 3.2.16",3.2.16
rubygems,medium,improper neutralization of input during web page generation ('cross-site scripting'),CVE-2013-4491,https://cve.mitre.org/cgi-bin/cvename.cgi?name=CVE-2013-4491,Cross-site scripting (XSS) vulnerability in actionpack/lib/action_view/helpers/translation_helper.rb in the internationalization component in Ruby on Rails 3.x before 3.2.16 and 4.x before 4.0.2 allows remote attackers to inject arbitrary web script or HTML via a crafted string that triggers generation of a fallback string by the i18n gem.,rails,">= 4.0.0, < 4.0.2",4.0.2
rubygems,medium,improper neutralization of input during web page generation ('cross-site scripting'),CVE-2013-4491,https://cve.mitre.org/cgi-bin/cvename.cgi?name=CVE-2013-4491,Cross-site scripting (XSS) vulnerability in actionpack/lib/action_view/helpers/translation_helper.rb in the internationalization component in Ruby on Rails 3.x before 3.2.16 and 4.x before 4.0.2 allows remote attackers to inject arbitrary web script or HTML via a crafted string that triggers generation of a fallback string by the i18n gem.,actionpack,">= 3.0.0, < 3.2.16",3.2.16
rubygems,medium,improper neutralization of input during web page generation ('cross-site scripting'),CVE-2013-4491,https://cve.mitre.org/cgi-bin/cvename.cgi?name=CVE-2013-4491,Cross-site scripting (XSS) vulnerability in actionpack/lib/action_view/helpers/translation_helper.rb in the internationalization component in Ruby on Rails 3.x before 3.2.16 and 4.x before 4.0.2 allows remote attackers to inject arbitrary web script or HTML via a crafted string that triggers generation of a fallback string by the i18n gem.,actionpack,">= 4.0.0, < 4.0.2",4.0.2
rubygems,medium,improper neutralization of special elements used in an os command ('os command injection'),CVE-2013-4457,https://cve.mitre.org/cgi-bin/cvename.cgi?name=CVE-2013-4457,"The Cocaine gem 0.4.0 through 0.5.2 for Ruby allows context-dependent attackers to execute arbitrary commands via a crafted has object, related to recursive variable interpolation.",cocaine,">= 0.4.0, < 0.5.3",0.5.3
rubygems,medium,improper limitation of a pathname to a restricted directory ('path traversal'),CVE-2013-4413,https://cve.mitre.org/cgi-bin/cvename.cgi?name=CVE-2013-4413,Directory traversal vulnerability in controller/concerns/render_redirect.rb in the Wicked gem before 1.0.1 for Ruby allows remote attackers to read arbitrary files via a %2E%2E%2F (encoded dot dot slash) in the step.,wicked,< 1.0.1,1.0.1
rubygems,medium,use of externally-controlled format string,CVE-2013-4389,https://cve.mitre.org/cgi-bin/cvename.cgi?name=CVE-2013-4389,Multiple format string vulnerabilities in log_subscriber.rb files in the log subscriber component in Action Mailer in Ruby on Rails 3.x before 3.2.15 allow remote attackers to cause a denial of service via a crafted e-mail address that is improperly handled during construction of a log message.,rails,">= 3.0.0, < 3.2.15",3.2.15
rubygems,medium,use of externally-controlled format string,CVE-2013-4389,https://cve.mitre.org/cgi-bin/cvename.cgi?name=CVE-2013-4389,Multiple format string vulnerabilities in log_subscriber.rb files in the log subscriber component in Action Mailer in Ruby on Rails 3.x before 3.2.15 allow remote attackers to cause a denial of service via a crafted e-mail address that is improperly handled during construction of a log message.,actionmailer,">= 3.0.0, < 3.2.15",3.2.15
rubygems,high,improper control of generation of code ('code injection'),CVE-2013-4203,https://cve.mitre.org/cgi-bin/cvename.cgi?name=CVE-2013-4203,The self.run_gpg function in lib/rgpg/gpg_helper.rb in the rgpg gem before 0.2.3 for Ruby allows remote attackers to execute arbitrary commands via shell metacharacters in unspecified vectors.,rgpg,< 0.2.3,0.2.3
rubygems,medium,improper link resolution before file access ('link following'),CVE-2013-4136,https://cve.mitre.org/cgi-bin/cvename.cgi?name=CVE-2013-4136,ext/common/ServerInstanceDir.h in Phusion Passenger gem before 4.0.6 for Ruby allows local users to gain privileges or possibly change the ownership of arbitrary directories via a symlink attack on a directory with a predictable name in /tmp/.,passenger,< 4.0.6,4.0.6
rubygems,high,improper input validation,CVE-2013-3567,https://cve.mitre.org/cgi-bin/cvename.cgi?name=CVE-2013-3567,"Puppet 2.7.x before 2.7.22 and 3.2.x before 3.2.2, and Puppet Enterprise before 2.8.2, deserializes untrusted YAML, which allows remote attackers to instantiate arbitrary Ruby classes and execute arbitrary code via a crafted REST API call.",puppet,">= 2.7.0, < 2.7.22",2.7.22
rubygems,high,improper input validation,CVE-2013-3567,https://cve.mitre.org/cgi-bin/cvename.cgi?name=CVE-2013-3567,"Puppet 2.7.x before 2.7.22 and 3.2.x before 3.2.2, and Puppet Enterprise before 2.8.2, deserializes untrusted YAML, which allows remote attackers to instantiate arbitrary Ruby classes and execute arbitrary code via a crafted REST API call.",puppet,">= 3.2.0, < 3.2.2",3.2.2
rubygems,high,improper control of generation of code ('code injection'),CVE-2013-2617,https://cve.mitre.org/cgi-bin/cvename.cgi?name=CVE-2013-2617,lib/curl.rb in the Curl Gem for Ruby allows remote attackers to execute arbitrary commands via shell metacharacters in a URL.,curl,<= 0.0.9,
rubygems,high,improper control of generation of code ('code injection'),CVE-2013-2616,https://cve.mitre.org/cgi-bin/cvename.cgi?name=CVE-2013-2616,lib/mini_magick.rb in the MiniMagick Gem 1.3.1 for Ruby allows remote attackers to execute arbitrary commands via shell metacharacters in a URL.,mini_magick,< 3.6.0,3.6.0
rubygems,high,improper control of generation of code ('code injection'),CVE-2013-2615,https://cve.mitre.org/cgi-bin/cvename.cgi?name=CVE-2013-2615,lib/entry_controller.rb in the fastreader Gem 1.0.8 for Ruby allows remote attackers to execute arbitrary commands via shell metacharacters in a URL.,fastreader,>= 1.0.0,
rubygems,medium,na,CVE-2013-2119,https://cve.mitre.org/cgi-bin/cvename.cgi?name=CVE-2013-2119,"Phusion Passenger gem before 3.0.21 and 4.0.x before 4.0.5 for Ruby allows local users to cause a denial of service (prevent application start) or gain privileges by pre-creating a temporary ""config"" file in a directory with a predictable name in /tmp/ before it is used by the gem.",passenger,< 3.0.21,3.0.21
rubygems,medium,na,CVE-2013-2119,https://cve.mitre.org/cgi-bin/cvename.cgi?name=CVE-2013-2119,"Phusion Passenger gem before 3.0.21 and 4.0.x before 4.0.5 for Ruby allows local users to cause a denial of service (prevent application start) or gain privileges by pre-creating a temporary ""config"" file in a directory with a predictable name in /tmp/ before it is used by the gem.",passenger,">= 4.0.1, < 4.0.5",4.0.5
rubygems,low,improper link resolution before file access ('link following'),CVE-2013-2105,https://cve.mitre.org/cgi-bin/cvename.cgi?name=CVE-2013-2105,The Show In Browser (show_in_browser) gem 0.0.3 for Ruby allows local users to inject arbitrary web script or HTML via a symlink attack on /tmp/browser.html.,show_in_browser,0.0.3,
rubygems,critical,improper neutralization of special elements used in an os command ('os command injection'),CVE-2013-2090,https://cve.mitre.org/cgi-bin/cvename.cgi?name=CVE-2013-2090,The set_meta_data function in lib/cremefraiche.rb in the Creme Fraiche gem before 0.6.1 for Ruby allows remote attackers to execute arbitrary commands via shell metacharacters in the file name of an email attachment.  NOTE: some of these details are obtained from third party information.,cremefraiche,< 0.6.1,0.6.1
rubygems,critical,na,CVE-2013-1948,https://cve.mitre.org/cgi-bin/cvename.cgi?name=CVE-2013-1948,converter.rb in the md2pdf gem 0.0.1 for Ruby allows context-dependent attackers to execute arbitrary commands via shell metacharacters in a filename.,md2pdf,<= 0.0.1,
rubygems,critical,improper neutralization of special elements used in an os command ('os command injection'),CVE-2013-1947,https://cve.mitre.org/cgi-bin/cvename.cgi?name=CVE-2013-1947,"kelredd-pruview gem 0.3.8 for Ruby allows context-dependent attackers to execute arbitrary commands via shell metacharacters in a filename argument to (1) document.rb, (2) video.rb, or (3) video_image.rb.",kelredd-pruview,<= 0.5.0,
rubygems,medium,improper input validation,CVE-2013-1911,https://cve.mitre.org/cgi-bin/cvename.cgi?name=CVE-2013-1911,lib/ldoce/word.rb in the ldoce 0.0.2 gem for Ruby allows remote attackers to execute arbitrary commands via shell metacharacters in (1) an mp3 URL or (2) file name.,ldoce,<= 0.0.2,
rubygems,high,improper control of generation of code ('code injection'),CVE-2013-1898,https://cve.mitre.org/cgi-bin/cvename.cgi?name=CVE-2013-1898,lib/thumbshooter.rb in the Thumbshooter 0.1.5 gem for Ruby allows remote attackers to execute arbitrary commands via shell metacharacters in a URL.,thumbshooter,<= 0.1.5,
rubygems,high,improper control of generation of code ('code injection'),CVE-2013-1875,https://cve.mitre.org/cgi-bin/cvename.cgi?name=CVE-2013-1875,command_wrap.rb in the command_wrap Gem for Ruby allows remote attackers to execute arbitrary commands via shell metacharacters in a URL or filename.,command_wrap,<= 0.6.2,
rubygems,medium,improper neutralization of input during web page generation ('cross-site scripting'),CVE-2013-1857,https://cve.mitre.org/cgi-bin/cvename.cgi?name=CVE-2013-1857,"The sanitize helper in lib/action_controller/vendor/html-scanner/html/sanitizer.rb in the Action Pack component in Ruby on Rails before 2.3.18, 3.0.x and 3.1.x before 3.1.12, and 3.2.x before 3.2.13 does not properly handle encoded : (colon) characters in URLs, which makes it easier for remote attackers to conduct cross-site scripting (XSS) attacks via a crafted scheme name, as demonstrated by including a &#x3a; sequence.",rails,< 2.3.18,2.3.18
rubygems,medium,improper neutralization of input during web page generation ('cross-site scripting'),CVE-2013-1857,https://cve.mitre.org/cgi-bin/cvename.cgi?name=CVE-2013-1857,"The sanitize helper in lib/action_controller/vendor/html-scanner/html/sanitizer.rb in the Action Pack component in Ruby on Rails before 2.3.18, 3.0.x and 3.1.x before 3.1.12, and 3.2.x before 3.2.13 does not properly handle encoded : (colon) characters in URLs, which makes it easier for remote attackers to conduct cross-site scripting (XSS) attacks via a crafted scheme name, as demonstrated by including a &#x3a; sequence.",rails,">= 3.0.0, < 3.1.12",3.1.12
rubygems,medium,improper neutralization of input during web page generation ('cross-site scripting'),CVE-2013-1857,https://cve.mitre.org/cgi-bin/cvename.cgi?name=CVE-2013-1857,"The sanitize helper in lib/action_controller/vendor/html-scanner/html/sanitizer.rb in the Action Pack component in Ruby on Rails before 2.3.18, 3.0.x and 3.1.x before 3.1.12, and 3.2.x before 3.2.13 does not properly handle encoded : (colon) characters in URLs, which makes it easier for remote attackers to conduct cross-site scripting (XSS) attacks via a crafted scheme name, as demonstrated by including a &#x3a; sequence.",rails,">=3.2.0, < 3.2.13",3.2.13
rubygems,medium,improper neutralization of input during web page generation ('cross-site scripting'),CVE-2013-1857,https://cve.mitre.org/cgi-bin/cvename.cgi?name=CVE-2013-1857,"The sanitize helper in lib/action_controller/vendor/html-scanner/html/sanitizer.rb in the Action Pack component in Ruby on Rails before 2.3.18, 3.0.x and 3.1.x before 3.1.12, and 3.2.x before 3.2.13 does not properly handle encoded : (colon) characters in URLs, which makes it easier for remote attackers to conduct cross-site scripting (XSS) attacks via a crafted scheme name, as demonstrated by including a &#x3a; sequence.",actionpack,< 2.3.18,2.3.18
rubygems,medium,improper neutralization of input during web page generation ('cross-site scripting'),CVE-2013-1857,https://cve.mitre.org/cgi-bin/cvename.cgi?name=CVE-2013-1857,"The sanitize helper in lib/action_controller/vendor/html-scanner/html/sanitizer.rb in the Action Pack component in Ruby on Rails before 2.3.18, 3.0.x and 3.1.x before 3.1.12, and 3.2.x before 3.2.13 does not properly handle encoded : (colon) characters in URLs, which makes it easier for remote attackers to conduct cross-site scripting (XSS) attacks via a crafted scheme name, as demonstrated by including a &#x3a; sequence.",actionpack,">= 3.0.0, < 3.1.12",3.1.12
rubygems,medium,improper neutralization of input during web page generation ('cross-site scripting'),CVE-2013-1857,https://cve.mitre.org/cgi-bin/cvename.cgi?name=CVE-2013-1857,"The sanitize helper in lib/action_controller/vendor/html-scanner/html/sanitizer.rb in the Action Pack component in Ruby on Rails before 2.3.18, 3.0.x and 3.1.x before 3.1.12, and 3.2.x before 3.2.13 does not properly handle encoded : (colon) characters in URLs, which makes it easier for remote attackers to conduct cross-site scripting (XSS) attacks via a crafted scheme name, as demonstrated by including a &#x3a; sequence.",actionpack,">= 3.2.0, < 3.2.13",3.2.13
rubygems,medium,improper input validation,CVE-2013-1856,https://cve.mitre.org/cgi-bin/cvename.cgi?name=CVE-2013-1856,"The ActiveSupport::XmlMini_JDOM backend in lib/active_support/xml_mini/jdom.rb in the Active Support component in Ruby on Rails 3.0.x and 3.1.x before 3.1.12 and 3.2.x before 3.2.13, when JRuby is used, does not properly restrict the capabilities of the XML parser, which allows remote attackers to read arbitrary files or cause a denial of service (resource consumption) via vectors involving (1) an external DTD or (2) an external entity declaration in conjunction with an entity reference.",rails,">= 3.0.0, < 3.1.12",3.1.12
rubygems,medium,improper input validation,CVE-2013-1856,https://cve.mitre.org/cgi-bin/cvename.cgi?name=CVE-2013-1856,"The ActiveSupport::XmlMini_JDOM backend in lib/active_support/xml_mini/jdom.rb in the Active Support component in Ruby on Rails 3.0.x and 3.1.x before 3.1.12 and 3.2.x before 3.2.13, when JRuby is used, does not properly restrict the capabilities of the XML parser, which allows remote attackers to read arbitrary files or cause a denial of service (resource consumption) via vectors involving (1) an external DTD or (2) an external entity declaration in conjunction with an entity reference.",rails,">= 3.2.0, < 3.2.13",3.2.13
rubygems,medium,improper input validation,CVE-2013-1856,https://cve.mitre.org/cgi-bin/cvename.cgi?name=CVE-2013-1856,"The ActiveSupport::XmlMini_JDOM backend in lib/active_support/xml_mini/jdom.rb in the Active Support component in Ruby on Rails 3.0.x and 3.1.x before 3.1.12 and 3.2.x before 3.2.13, when JRuby is used, does not properly restrict the capabilities of the XML parser, which allows remote attackers to read arbitrary files or cause a denial of service (resource consumption) via vectors involving (1) an external DTD or (2) an external entity declaration in conjunction with an entity reference.",activesupport,">= 3.0.0, < 3.1.12",3.1.12
rubygems,medium,improper input validation,CVE-2013-1856,https://cve.mitre.org/cgi-bin/cvename.cgi?name=CVE-2013-1856,"The ActiveSupport::XmlMini_JDOM backend in lib/active_support/xml_mini/jdom.rb in the Active Support component in Ruby on Rails 3.0.x and 3.1.x before 3.1.12 and 3.2.x before 3.2.13, when JRuby is used, does not properly restrict the capabilities of the XML parser, which allows remote attackers to read arbitrary files or cause a denial of service (resource consumption) via vectors involving (1) an external DTD or (2) an external entity declaration in conjunction with an entity reference.",activesupport,">= 3.2.0, < 3.2.13",3.2.13
rubygems,medium,improper neutralization of input during web page generation ('cross-site scripting'),CVE-2013-1855,https://cve.mitre.org/cgi-bin/cvename.cgi?name=CVE-2013-1855,"The sanitize_css method in lib/action_controller/vendor/html-scanner/html/sanitizer.rb in the Action Pack component in Ruby on Rails before 2.3.18, 3.0.x and 3.1.x before 3.1.12, and 3.2.x before 3.2.13 does not properly handle \n (newline) characters, which makes it easier for remote attackers to conduct cross-site scripting (XSS) attacks via crafted Cascading Style Sheets (CSS) token sequences.",rails,< 2.3.18,2.3.18
rubygems,medium,improper neutralization of input during web page generation ('cross-site scripting'),CVE-2013-1855,https://cve.mitre.org/cgi-bin/cvename.cgi?name=CVE-2013-1855,"The sanitize_css method in lib/action_controller/vendor/html-scanner/html/sanitizer.rb in the Action Pack component in Ruby on Rails before 2.3.18, 3.0.x and 3.1.x before 3.1.12, and 3.2.x before 3.2.13 does not properly handle \n (newline) characters, which makes it easier for remote attackers to conduct cross-site scripting (XSS) attacks via crafted Cascading Style Sheets (CSS) token sequences.",rails,">= 3.0.0, < 3.1.12",3.1.12
rubygems,medium,improper neutralization of input during web page generation ('cross-site scripting'),CVE-2013-1855,https://cve.mitre.org/cgi-bin/cvename.cgi?name=CVE-2013-1855,"The sanitize_css method in lib/action_controller/vendor/html-scanner/html/sanitizer.rb in the Action Pack component in Ruby on Rails before 2.3.18, 3.0.x and 3.1.x before 3.1.12, and 3.2.x before 3.2.13 does not properly handle \n (newline) characters, which makes it easier for remote attackers to conduct cross-site scripting (XSS) attacks via crafted Cascading Style Sheets (CSS) token sequences.",rails,">= 3.2.0, < 3.2.13",3.2.13
rubygems,medium,improper neutralization of input during web page generation ('cross-site scripting'),CVE-2013-1855,https://cve.mitre.org/cgi-bin/cvename.cgi?name=CVE-2013-1855,"The sanitize_css method in lib/action_controller/vendor/html-scanner/html/sanitizer.rb in the Action Pack component in Ruby on Rails before 2.3.18, 3.0.x and 3.1.x before 3.1.12, and 3.2.x before 3.2.13 does not properly handle \n (newline) characters, which makes it easier for remote attackers to conduct cross-site scripting (XSS) attacks via crafted Cascading Style Sheets (CSS) token sequences.",actionpack,< 2.3.18,2.3.18
rubygems,medium,improper neutralization of input during web page generation ('cross-site scripting'),CVE-2013-1855,https://cve.mitre.org/cgi-bin/cvename.cgi?name=CVE-2013-1855,"The sanitize_css method in lib/action_controller/vendor/html-scanner/html/sanitizer.rb in the Action Pack component in Ruby on Rails before 2.3.18, 3.0.x and 3.1.x before 3.1.12, and 3.2.x before 3.2.13 does not properly handle \n (newline) characters, which makes it easier for remote attackers to conduct cross-site scripting (XSS) attacks via crafted Cascading Style Sheets (CSS) token sequences.",actionpack,">= 3.0.0, < 3.1.12",3.1.12
rubygems,medium,improper neutralization of input during web page generation ('cross-site scripting'),CVE-2013-1855,https://cve.mitre.org/cgi-bin/cvename.cgi?name=CVE-2013-1855,"The sanitize_css method in lib/action_controller/vendor/html-scanner/html/sanitizer.rb in the Action Pack component in Ruby on Rails before 2.3.18, 3.0.x and 3.1.x before 3.1.12, and 3.2.x before 3.2.13 does not properly handle \n (newline) characters, which makes it easier for remote attackers to conduct cross-site scripting (XSS) attacks via crafted Cascading Style Sheets (CSS) token sequences.",actionpack,">= 3.2.0, < 3.2.13",3.2.13
rubygems,medium,improper input validation,CVE-2013-1854,https://cve.mitre.org/cgi-bin/cvename.cgi?name=CVE-2013-1854,"The Active Record component in Ruby on Rails 2.3.x before 2.3.18, 3.1.x before 3.1.12, and 3.2.x before 3.2.13 processes certain queries by converting hash keys to symbols, which allows remote attackers to cause a denial of service via crafted input to a where method.",rails,">= 2.3.0, < 2.3.18",2.3.18
rubygems,medium,improper input validation,CVE-2013-1854,https://cve.mitre.org/cgi-bin/cvename.cgi?name=CVE-2013-1854,"The Active Record component in Ruby on Rails 2.3.x before 2.3.18, 3.1.x before 3.1.12, and 3.2.x before 3.2.13 processes certain queries by converting hash keys to symbols, which allows remote attackers to cause a denial of service via crafted input to a where method.",rails,">= 3.1.0, < 3.1.12",3.1.12
rubygems,medium,improper input validation,CVE-2013-1854,https://cve.mitre.org/cgi-bin/cvename.cgi?name=CVE-2013-1854,"The Active Record component in Ruby on Rails 2.3.x before 2.3.18, 3.1.x before 3.1.12, and 3.2.x before 3.2.13 processes certain queries by converting hash keys to symbols, which allows remote attackers to cause a denial of service via crafted input to a where method.",rails,">= 3.2.0, < 3.2.13",3.2.13
rubygems,medium,improper input validation,CVE-2013-1854,https://cve.mitre.org/cgi-bin/cvename.cgi?name=CVE-2013-1854,"The Active Record component in Ruby on Rails 2.3.x before 2.3.18, 3.1.x before 3.1.12, and 3.2.x before 3.2.13 processes certain queries by converting hash keys to symbols, which allows remote attackers to cause a denial of service via crafted input to a where method.",activerecord,">= 2.3.0, < 2.3.18",2.3.18
rubygems,medium,improper input validation,CVE-2013-1854,https://cve.mitre.org/cgi-bin/cvename.cgi?name=CVE-2013-1854,"The Active Record component in Ruby on Rails 2.3.x before 2.3.18, 3.1.x before 3.1.12, and 3.2.x before 3.2.13 processes certain queries by converting hash keys to symbols, which allows remote attackers to cause a denial of service via crafted input to a where method.",activerecord,">= 3.1.0, < 3.1.12",3.1.12
rubygems,medium,improper input validation,CVE-2013-1854,https://cve.mitre.org/cgi-bin/cvename.cgi?name=CVE-2013-1854,"The Active Record component in Ruby on Rails 2.3.x before 2.3.18, 3.1.x before 3.1.12, and 3.2.x before 3.2.13 processes certain queries by converting hash keys to symbols, which allows remote attackers to cause a denial of service via crafted input to a where method.",activerecord,">= 3.2.0, < 3.2.13",3.2.13
rubygems,medium,na,CVE-2013-1812,https://cve.mitre.org/cgi-bin/cvename.cgi?name=CVE-2013-1812,The ruby-openid gem before 2.2.2 for Ruby allows remote OpenID providers to cause a denial of service (CPU consumption) via (1) a large XRDS document or (2) an XML Entity Expansion (XEE) attack.,ruby-openid,< 2.2.2,2.2.2
rubygems,high,na,CVE-2013-1802,https://cve.mitre.org/cgi-bin/cvename.cgi?name=CVE-2013-1802,"The extlib gem 0.9.15 and earlier for Ruby does not properly restrict casts of string values, which might allow remote attackers to conduct object-injection attacks and execute arbitrary code, or cause a denial of service (memory and CPU consumption) by leveraging Action Pack support for (1) YAML type conversion or (2) Symbol type conversion, a similar vulnerability to CVE-2013-0156.",extlib,< 0.9.16,0.9.16
rubygems,high,na,CVE-2013-1801,https://cve.mitre.org/cgi-bin/cvename.cgi?name=CVE-2013-1801,"The httparty gem 0.9.0 and earlier for Ruby does not properly restrict casts of string values, which might allow remote attackers to conduct object-injection attacks and execute arbitrary code, or cause a denial of service (memory and CPU consumption) by leveraging Action Pack support for YAML type conversion, a similar vulnerability to CVE-2013-0156.",httparty,< 0.10.0,0.10.0
rubygems,high,na,CVE-2013-1800,https://cve.mitre.org/cgi-bin/cvename.cgi?name=CVE-2013-1800,"The crack gem 0.3.1 and earlier for Ruby does not properly restrict casts of string values, which might allow remote attackers to conduct object-injection attacks and execute arbitrary code, or cause a denial of service (memory and CPU consumption) by leveraging Action Pack support for (1) YAML type conversion or (2) Symbol type conversion, a similar vulnerability to CVE-2013-0156.",crack,< 0.3.2,0.3.2
rubygems,high,improper control of generation of code ('code injection'),CVE-2013-1756,https://cve.mitre.org/cgi-bin/cvename.cgi?name=CVE-2013-1756,"The Dragonfly gem 0.7 before 0.8.6 and 0.9.x before 0.9.13 for Ruby, when used with Ruby on Rails, allows remote attackers to execute arbitrary code via a crafted request.",dragonfly,">= 0.7, < 0.8.6",0.8.6
rubygems,high,improper control of generation of code ('code injection'),CVE-2013-1756,https://cve.mitre.org/cgi-bin/cvename.cgi?name=CVE-2013-1756,"The Dragonfly gem 0.7 before 0.8.6 and 0.9.x before 0.9.13 for Ruby, when used with Ruby on Rails, allows remote attackers to execute arbitrary code via a crafted request.",dragonfly,">= 0.9, < 0.9.13",0.9.13
rubygems,medium,improper input validation,CVE-2013-1656,https://cve.mitre.org/cgi-bin/cvename.cgi?name=CVE-2013-1656,"Spree Commerce 1.0.x through 1.3.2 allows remote authenticated administrators to instantiate arbitrary Ruby objects and execute arbitrary commands via the (1) payment_method parameter to core/app/controllers/spree/admin/payment_methods_controller.rb; and the (2) promotion_action parameter to promotion_actions_controller.rb, (3) promotion_rule parameter to promotion_rules_controller.rb, and (4) calculator_type parameter to promotions_controller.rb in promo/app/controllers/spree/admin/, related to unsafe use of the constantize function.",spree,">= 1.0.0, < 1.3.3",1.3.3
rubygems,high,improper input validation,CVE-2013-1655,https://cve.mitre.org/cgi-bin/cvename.cgi?name=CVE-2013-1655,"Puppet 2.7.x before 2.7.21 and 3.1.x before 3.1.1, when running Ruby 1.9.3 or later, allows remote attackers to execute arbitrary code via vectors related to ""serialized attributes.""",puppet,"2.7.1, < 2.7.21",2.7.21
rubygems,high,improper input validation,CVE-2013-1655,https://cve.mitre.org/cgi-bin/cvename.cgi?name=CVE-2013-1655,"Puppet 2.7.x before 2.7.21 and 3.1.x before 3.1.1, when running Ruby 1.9.3 or later, allows remote attackers to execute arbitrary code via vectors related to ""serialized attributes.""",puppet,">= 3.1.0, < 3.1.1",3.1.1
rubygems,high,na,CVE-2013-0333,https://cve.mitre.org/cgi-bin/cvename.cgi?name=CVE-2013-0333,"lib/active_support/json/backends/yaml.rb in Ruby on Rails 2.3.x before 2.3.16 and 3.0.x before 3.0.20 does not properly convert JSON data to YAML data for processing by a YAML parser, which allows remote attackers to execute arbitrary code, conduct SQL injection attacks, or bypass authentication via crafted data that triggers unsafe decoding, a different vulnerability than CVE-2013-0156.",rails,">= 2.3.2, < 2.3.16",2.3.16
rubygems,high,na,CVE-2013-0333,https://cve.mitre.org/cgi-bin/cvename.cgi?name=CVE-2013-0333,"lib/active_support/json/backends/yaml.rb in Ruby on Rails 2.3.x before 2.3.16 and 3.0.x before 3.0.20 does not properly convert JSON data to YAML data for processing by a YAML parser, which allows remote attackers to execute arbitrary code, conduct SQL injection attacks, or bypass authentication via crafted data that triggers unsafe decoding, a different vulnerability than CVE-2013-0156.",rails,">= 3.0.0, < 3.0.20",3.0.20
rubygems,high,na,CVE-2013-0333,https://cve.mitre.org/cgi-bin/cvename.cgi?name=CVE-2013-0333,"lib/active_support/json/backends/yaml.rb in Ruby on Rails 2.3.x before 2.3.16 and 3.0.x before 3.0.20 does not properly convert JSON data to YAML data for processing by a YAML parser, which allows remote attackers to execute arbitrary code, conduct SQL injection attacks, or bypass authentication via crafted data that triggers unsafe decoding, a different vulnerability than CVE-2013-0156.",activesupport,">= 2.3.2, < 2.3.16",2.3.16
rubygems,high,na,CVE-2013-0333,https://cve.mitre.org/cgi-bin/cvename.cgi?name=CVE-2013-0333,"lib/active_support/json/backends/yaml.rb in Ruby on Rails 2.3.x before 2.3.16 and 3.0.x before 3.0.20 does not properly convert JSON data to YAML data for processing by a YAML parser, which allows remote attackers to execute arbitrary code, conduct SQL injection attacks, or bypass authentication via crafted data that triggers unsafe decoding, a different vulnerability than CVE-2013-0156.",activesupport,">= 3.0.0, < 3.0.20",3.0.20
rubygems,high,improper input validation,CVE-2013-0285,https://cve.mitre.org/cgi-bin/cvename.cgi?name=CVE-2013-0285,"The nori gem 2.0.x before 2.0.2, 1.1.x before 1.1.4, and 1.0.x before 1.0.3 for Ruby does not properly restrict casts of string values, which allows remote attackers to conduct object-injection attacks and execute arbitrary code, or cause a denial of service (memory and CPU consumption) involving nested XML entity references, by leveraging Action Pack support for (1) YAML type conversion or (2) Symbol type conversion, a similar vulnerability to CVE-2013-0156.",nori,">= 2.0.0, < 2.0.2",2.0.2
rubygems,high,improper input validation,CVE-2013-0285,https://cve.mitre.org/cgi-bin/cvename.cgi?name=CVE-2013-0285,"The nori gem 2.0.x before 2.0.2, 1.1.x before 1.1.4, and 1.0.x before 1.0.3 for Ruby does not properly restrict casts of string values, which allows remote attackers to conduct object-injection attacks and execute arbitrary code, or cause a denial of service (memory and CPU consumption) involving nested XML entity references, by leveraging Action Pack support for (1) YAML type conversion or (2) Symbol type conversion, a similar vulnerability to CVE-2013-0156.",nori,">= 1.1.0, < 1.1.4",1.1.4
rubygems,high,improper input validation,CVE-2013-0285,https://cve.mitre.org/cgi-bin/cvename.cgi?name=CVE-2013-0285,"The nori gem 2.0.x before 2.0.2, 1.1.x before 1.1.4, and 1.0.x before 1.0.3 for Ruby does not properly restrict casts of string values, which allows remote attackers to conduct object-injection attacks and execute arbitrary code, or cause a denial of service (memory and CPU consumption) involving nested XML entity references, by leveraging Action Pack support for (1) YAML type conversion or (2) Symbol type conversion, a similar vulnerability to CVE-2013-0156.",nori,">= 1.0.0, < 1.0.3",1.0.3
rubygems,medium,information exposure,CVE-2013-0284,https://cve.mitre.org/cgi-bin/cvename.cgi?name=CVE-2013-0284,"Ruby agent 3.2.0 through 3.5.2 serializes sensitive data when communicating with servers operated by New Relic, which allows remote attackers to obtain sensitive information (database credentials and SQL statements) by sniffing the network and deserializing the data.",newrelic_rpm,">= 3.2.0, < 3.5.3.24",3.5.3.24
rubygems,critical,na,CVE-2013-0277,https://cve.mitre.org/cgi-bin/cvename.cgi?name=CVE-2013-0277,ActiveRecord in Ruby on Rails before 2.3.17 and 3.x before 3.1.0 allows remote attackers to cause a denial of service or execute arbitrary code via crafted serialized attributes that cause the +serialize+ helper to deserialize arbitrary YAML.,rails,< 2.3.17,2.3.17
rubygems,critical,na,CVE-2013-0277,https://cve.mitre.org/cgi-bin/cvename.cgi?name=CVE-2013-0277,ActiveRecord in Ruby on Rails before 2.3.17 and 3.x before 3.1.0 allows remote attackers to cause a denial of service or execute arbitrary code via crafted serialized attributes that cause the +serialize+ helper to deserialize arbitrary YAML.,rails,">= 3.0.0, < 3.1.0",3.1.0
rubygems,critical,na,CVE-2013-0277,https://cve.mitre.org/cgi-bin/cvename.cgi?name=CVE-2013-0277,ActiveRecord in Ruby on Rails before 2.3.17 and 3.x before 3.1.0 allows remote attackers to cause a denial of service or execute arbitrary code via crafted serialized attributes that cause the +serialize+ helper to deserialize arbitrary YAML.,activerecord,< 2.3.17,2.3.17
rubygems,critical,na,CVE-2013-0277,https://cve.mitre.org/cgi-bin/cvename.cgi?name=CVE-2013-0277,ActiveRecord in Ruby on Rails before 2.3.17 and 3.x before 3.1.0 allows remote attackers to cause a denial of service or execute arbitrary code via crafted serialized attributes that cause the +serialize+ helper to deserialize arbitrary YAML.,activerecord,">= 3.0.0, < 3.1.0",3.1.0
rubygems,medium,na,CVE-2013-0276,https://cve.mitre.org/cgi-bin/cvename.cgi?name=CVE-2013-0276,"ActiveRecord in Ruby on Rails before 2.3.17, 3.1.x before 3.1.11, and 3.2.x before 3.2.12 allows remote attackers to bypass the attr_protected protection mechanism and modify protected model attributes via a crafted request.",rails,< 2.3.17,2.3.17
rubygems,medium,na,CVE-2013-0276,https://cve.mitre.org/cgi-bin/cvename.cgi?name=CVE-2013-0276,"ActiveRecord in Ruby on Rails before 2.3.17, 3.1.x before 3.1.11, and 3.2.x before 3.2.12 allows remote attackers to bypass the attr_protected protection mechanism and modify protected model attributes via a crafted request.",rails,">= 3.1.0, < 3.1.11",3.1.11
rubygems,medium,na,CVE-2013-0276,https://cve.mitre.org/cgi-bin/cvename.cgi?name=CVE-2013-0276,"ActiveRecord in Ruby on Rails before 2.3.17, 3.1.x before 3.1.11, and 3.2.x before 3.2.12 allows remote attackers to bypass the attr_protected protection mechanism and modify protected model attributes via a crafted request.",rails,">= 3.2.0, < 3.2.12",3.2.12
rubygems,medium,na,CVE-2013-0276,https://cve.mitre.org/cgi-bin/cvename.cgi?name=CVE-2013-0276,"ActiveRecord in Ruby on Rails before 2.3.17, 3.1.x before 3.1.11, and 3.2.x before 3.2.12 allows remote attackers to bypass the attr_protected protection mechanism and modify protected model attributes via a crafted request.",activerecord,< 2.3.17,2.3.17
rubygems,medium,na,CVE-2013-0276,https://cve.mitre.org/cgi-bin/cvename.cgi?name=CVE-2013-0276,"ActiveRecord in Ruby on Rails before 2.3.17, 3.1.x before 3.1.11, and 3.2.x before 3.2.12 allows remote attackers to bypass the attr_protected protection mechanism and modify protected model attributes via a crafted request.",activerecord,">= 3.1.0, < 3.1.11",3.1.11
rubygems,medium,na,CVE-2013-0276,https://cve.mitre.org/cgi-bin/cvename.cgi?name=CVE-2013-0276,"ActiveRecord in Ruby on Rails before 2.3.17, 3.1.x before 3.1.11, and 3.2.x before 3.2.12 allows remote attackers to bypass the attr_protected protection mechanism and modify protected model attributes via a crafted request.",activerecord,">= 3.2.0, < 3.2.12",3.2.12
rubygems,high,improper input validation,CVE-2013-0269,https://cve.mitre.org/cgi-bin/cvename.cgi?name=CVE-2013-0269,"The JSON gem before 1.5.5, 1.6.x before 1.6.8, and 1.7.x before 1.7.7 for Ruby allows remote attackers to cause a denial of service (resource consumption) or bypass the mass assignment protection mechanism via a crafted JSON document that triggers the creation of arbitrary Ruby symbols or certain internal objects, as demonstrated by conducting a SQL injection attack against Ruby on Rails, aka ""Unsafe Object Creation Vulnerability.""",json,< 1.5.5,1.5.5
rubygems,high,improper input validation,CVE-2013-0269,https://cve.mitre.org/cgi-bin/cvename.cgi?name=CVE-2013-0269,"The JSON gem before 1.5.5, 1.6.x before 1.6.8, and 1.7.x before 1.7.7 for Ruby allows remote attackers to cause a denial of service (resource consumption) or bypass the mass assignment protection mechanism via a crafted JSON document that triggers the creation of arbitrary Ruby symbols or certain internal objects, as demonstrated by conducting a SQL injection attack against Ruby on Rails, aka ""Unsafe Object Creation Vulnerability.""",json,">= 1.6.0, < 1.6.8",1.6.8
rubygems,high,improper input validation,CVE-2013-0269,https://cve.mitre.org/cgi-bin/cvename.cgi?name=CVE-2013-0269,"The JSON gem before 1.5.5, 1.6.x before 1.6.8, and 1.7.x before 1.7.7 for Ruby allows remote attackers to cause a denial of service (resource consumption) or bypass the mass assignment protection mechanism via a crafted JSON document that triggers the creation of arbitrary Ruby symbols or certain internal objects, as demonstrated by conducting a SQL injection attack against Ruby on Rails, aka ""Unsafe Object Creation Vulnerability.""",json,">= 1.7.0, < 1.7.7",1.7.7
rubygems,medium,improper limitation of a pathname to a restricted directory ('path traversal'),CVE-2013-0262,https://cve.mitre.org/cgi-bin/cvename.cgi?name=CVE-2013-0262,"rack/file.rb (Rack::File) in Rack 1.5.x before 1.5.2 and 1.4.x before 1.4.5 allows attackers to access arbitrary files outside the intended root directory via a crafted PATH_INFO environment variable, probably a directory traversal vulnerability that is remotely exploitable, aka ""symlink path traversals.""",rack,">= 1.5.0, < 1.5.2",1.5.2
rubygems,medium,improper limitation of a pathname to a restricted directory ('path traversal'),CVE-2013-0262,https://cve.mitre.org/cgi-bin/cvename.cgi?name=CVE-2013-0262,"rack/file.rb (Rack::File) in Rack 1.5.x before 1.5.2 and 1.4.x before 1.4.5 allows attackers to access arbitrary files outside the intended root directory via a crafted PATH_INFO environment variable, probably a directory traversal vulnerability that is remotely exploitable, aka ""symlink path traversals.""",rack,">= 1.4.0, < 1.4.5",1.4.5
rubygems,medium,improper neutralization of input during web page generation ('cross-site scripting'),CVE-2013-0256,https://cve.mitre.org/cgi-bin/cvename.cgi?name=CVE-2013-0256,"darkfish.js in RDoc 2.3.0 through 3.12 and 4.x before 4.0.0.preview2.1, as used in Ruby, does not properly generate documents, which allows remote attackers to conduct cross-site scripting (XSS) attacks via a crafted URL.",rdoc,">= 2.3.0, < 3.12.1",3.12.1
rubygems,medium,na,CVE-2013-0233,https://cve.mitre.org/cgi-bin/cvename.cgi?name=CVE-2013-0233,"Devise gem 2.2.x before 2.2.3, 2.1.x before 2.1.3, 2.0.x before 2.0.5, and 1.5.x before 1.5.4 for Ruby, when using certain databases, does not properly perform type conversion when performing database queries, which might allow remote attackers to cause incorrect results to be returned and bypass security checks via unknown vectors, as demonstrated by resetting passwords of arbitrary accounts.",devise,">= 2.2.0, < 2.2.3",2.2.3
rubygems,medium,na,CVE-2013-0233,https://cve.mitre.org/cgi-bin/cvename.cgi?name=CVE-2013-0233,"Devise gem 2.2.x before 2.2.3, 2.1.x before 2.1.3, 2.0.x before 2.0.5, and 1.5.x before 1.5.4 for Ruby, when using certain databases, does not properly perform type conversion when performing database queries, which might allow remote attackers to cause incorrect results to be returned and bypass security checks via unknown vectors, as demonstrated by resetting passwords of arbitrary accounts.",devise,">= 2.1.0, < 2.1.3",2.1.3
rubygems,medium,na,CVE-2013-0233,https://cve.mitre.org/cgi-bin/cvename.cgi?name=CVE-2013-0233,"Devise gem 2.2.x before 2.2.3, 2.1.x before 2.1.3, 2.0.x before 2.0.5, and 1.5.x before 1.5.4 for Ruby, when using certain databases, does not properly perform type conversion when performing database queries, which might allow remote attackers to cause incorrect results to be returned and bypass security checks via unknown vectors, as demonstrated by resetting passwords of arbitrary accounts.",devise,">= 2.0.0, < 2.0.5",2.0.5
rubygems,medium,na,CVE-2013-0233,https://cve.mitre.org/cgi-bin/cvename.cgi?name=CVE-2013-0233,"Devise gem 2.2.x before 2.2.3, 2.1.x before 2.1.3, 2.0.x before 2.0.5, and 1.5.x before 1.5.4 for Ruby, when using certain databases, does not properly perform type conversion when performing database queries, which might allow remote attackers to cause incorrect results to be returned and bypass security checks via unknown vectors, as demonstrated by resetting passwords of arbitrary accounts.",devise,">= 1.5.0, < 1.5.4",1.5.4
rubygems,medium,improper restriction of operations within the bounds of a memory buffer,CVE-2013-0183,https://cve.mitre.org/cgi-bin/cvename.cgi?name=CVE-2013-0183,multipart/parser.rb in Rack 1.3.x before 1.3.8 and 1.4.x before 1.4.3 allows remote attackers to cause a denial of service (memory consumption and out-of-memory error) via a long string in a Multipart HTTP packet.,rack,">= 1.3.0, < 1.3.8",1.3.8
rubygems,medium,improper restriction of operations within the bounds of a memory buffer,CVE-2013-0183,https://cve.mitre.org/cgi-bin/cvename.cgi?name=CVE-2013-0183,multipart/parser.rb in Rack 1.3.x before 1.3.8 and 1.4.x before 1.4.3 allows remote attackers to cause a denial of service (memory consumption and out-of-memory error) via a long string in a Multipart HTTP packet.,rack,">= 1.4.0, < 1.4.3",1.4.3
rubygems,high,improper input validation,CVE-2013-0175,https://cve.mitre.org/cgi-bin/cvename.cgi?name=CVE-2013-0175,"multi_xml gem 0.5.2 for Ruby, as used in Grape before 0.2.6 and possibly other products, does not properly restrict casts of string values, which allows remote attackers to conduct object-injection attacks and execute arbitrary code, or cause a denial of service (memory and CPU consumption) involving nested XML entity references, by leveraging support for (1) YAML type conversion or (2) Symbol type conversion, a similar vulnerability to CVE-2013-0156.",multi_xml,< 0.5.2,0.5.2
rubygems,high,improper input validation,CVE-2013-0156,https://cve.mitre.org/cgi-bin/cvename.cgi?name=CVE-2013-0156,"active_support/core_ext/hash/conversions.rb in Ruby on Rails before 2.3.15, 3.0.x before 3.0.19, 3.1.x before 3.1.10, and 3.2.x before 3.2.11 does not properly restrict casts of string values, which allows remote attackers to conduct object-injection attacks and execute arbitrary code, or cause a denial of service (memory and CPU consumption) involving nested XML entity references, by leveraging Action Pack support for (1) YAML type conversion or (2) Symbol type conversion.",rails,< 2.3.15,2.3.15
rubygems,high,improper input validation,CVE-2013-0156,https://cve.mitre.org/cgi-bin/cvename.cgi?name=CVE-2013-0156,"active_support/core_ext/hash/conversions.rb in Ruby on Rails before 2.3.15, 3.0.x before 3.0.19, 3.1.x before 3.1.10, and 3.2.x before 3.2.11 does not properly restrict casts of string values, which allows remote attackers to conduct object-injection attacks and execute arbitrary code, or cause a denial of service (memory and CPU consumption) involving nested XML entity references, by leveraging Action Pack support for (1) YAML type conversion or (2) Symbol type conversion.",rails,">= 3.0.0, < 3.0.19",3.0.19
rubygems,high,improper input validation,CVE-2013-0156,https://cve.mitre.org/cgi-bin/cvename.cgi?name=CVE-2013-0156,"active_support/core_ext/hash/conversions.rb in Ruby on Rails before 2.3.15, 3.0.x before 3.0.19, 3.1.x before 3.1.10, and 3.2.x before 3.2.11 does not properly restrict casts of string values, which allows remote attackers to conduct object-injection attacks and execute arbitrary code, or cause a denial of service (memory and CPU consumption) involving nested XML entity references, by leveraging Action Pack support for (1) YAML type conversion or (2) Symbol type conversion.",rails,">= 3.1.0, < 3.1.10",3.2.10
rubygems,high,improper input validation,CVE-2013-0156,https://cve.mitre.org/cgi-bin/cvename.cgi?name=CVE-2013-0156,"active_support/core_ext/hash/conversions.rb in Ruby on Rails before 2.3.15, 3.0.x before 3.0.19, 3.1.x before 3.1.10, and 3.2.x before 3.2.11 does not properly restrict casts of string values, which allows remote attackers to conduct object-injection attacks and execute arbitrary code, or cause a denial of service (memory and CPU consumption) involving nested XML entity references, by leveraging Action Pack support for (1) YAML type conversion or (2) Symbol type conversion.",rails,">= 3.2.0, < 3.2.11",3.2.11
rubygems,high,improper input validation,CVE-2013-0156,https://cve.mitre.org/cgi-bin/cvename.cgi?name=CVE-2013-0156,"active_support/core_ext/hash/conversions.rb in Ruby on Rails before 2.3.15, 3.0.x before 3.0.19, 3.1.x before 3.1.10, and 3.2.x before 3.2.11 does not properly restrict casts of string values, which allows remote attackers to conduct object-injection attacks and execute arbitrary code, or cause a denial of service (memory and CPU consumption) involving nested XML entity references, by leveraging Action Pack support for (1) YAML type conversion or (2) Symbol type conversion.",actionpack,< 2.3.15,2.3.15
rubygems,high,improper input validation,CVE-2013-0156,https://cve.mitre.org/cgi-bin/cvename.cgi?name=CVE-2013-0156,"active_support/core_ext/hash/conversions.rb in Ruby on Rails before 2.3.15, 3.0.x before 3.0.19, 3.1.x before 3.1.10, and 3.2.x before 3.2.11 does not properly restrict casts of string values, which allows remote attackers to conduct object-injection attacks and execute arbitrary code, or cause a denial of service (memory and CPU consumption) involving nested XML entity references, by leveraging Action Pack support for (1) YAML type conversion or (2) Symbol type conversion.",actionpack,">= 3.0.0, < 3.0.19",3.0.19
rubygems,high,improper input validation,CVE-2013-0156,https://cve.mitre.org/cgi-bin/cvename.cgi?name=CVE-2013-0156,"active_support/core_ext/hash/conversions.rb in Ruby on Rails before 2.3.15, 3.0.x before 3.0.19, 3.1.x before 3.1.10, and 3.2.x before 3.2.11 does not properly restrict casts of string values, which allows remote attackers to conduct object-injection attacks and execute arbitrary code, or cause a denial of service (memory and CPU consumption) involving nested XML entity references, by leveraging Action Pack support for (1) YAML type conversion or (2) Symbol type conversion.",actionpack,">= 3.1.0, < 3.1.10",3.1.10
rubygems,high,improper input validation,CVE-2013-0156,https://cve.mitre.org/cgi-bin/cvename.cgi?name=CVE-2013-0156,"active_support/core_ext/hash/conversions.rb in Ruby on Rails before 2.3.15, 3.0.x before 3.0.19, 3.1.x before 3.1.10, and 3.2.x before 3.2.11 does not properly restrict casts of string values, which allows remote attackers to conduct object-injection attacks and execute arbitrary code, or cause a denial of service (memory and CPU consumption) involving nested XML entity references, by leveraging Action Pack support for (1) YAML type conversion or (2) Symbol type conversion.",actionpack,">= 3.2.0, < 3.2.11",3.2.11
rubygems,medium,na,CVE-2013-0155,https://cve.mitre.org/cgi-bin/cvename.cgi?name=CVE-2013-0155,"Ruby on Rails 3.0.x before 3.0.19, 3.1.x before 3.1.10, and 3.2.x before 3.2.11 does not properly consider differences in parameter handling between the Active Record component and the JSON implementation, which allows remote attackers to bypass intended database-query restrictions and perform NULL checks or trigger missing WHERE clauses via a crafted request, as demonstrated by certain ""[nil]"" values, a related issue to CVE-2012-2660 and CVE-2012-2694.",rails,">= 3.0.0, < 3.0.19",3.0.19
rubygems,medium,na,CVE-2013-0155,https://cve.mitre.org/cgi-bin/cvename.cgi?name=CVE-2013-0155,"Ruby on Rails 3.0.x before 3.0.19, 3.1.x before 3.1.10, and 3.2.x before 3.2.11 does not properly consider differences in parameter handling between the Active Record component and the JSON implementation, which allows remote attackers to bypass intended database-query restrictions and perform NULL checks or trigger missing WHERE clauses via a crafted request, as demonstrated by certain ""[nil]"" values, a related issue to CVE-2012-2660 and CVE-2012-2694.",rails,">= 3.1.0, < 3.1.10",3.1.10
rubygems,medium,na,CVE-2013-0155,https://cve.mitre.org/cgi-bin/cvename.cgi?name=CVE-2013-0155,"Ruby on Rails 3.0.x before 3.0.19, 3.1.x before 3.1.10, and 3.2.x before 3.2.11 does not properly consider differences in parameter handling between the Active Record component and the JSON implementation, which allows remote attackers to bypass intended database-query restrictions and perform NULL checks or trigger missing WHERE clauses via a crafted request, as demonstrated by certain ""[nil]"" values, a related issue to CVE-2012-2660 and CVE-2012-2694.",rails,">= 3.2.0, < 3.2.11",3.2.11
rubygems,medium,na,CVE-2013-0155,https://cve.mitre.org/cgi-bin/cvename.cgi?name=CVE-2013-0155,"Ruby on Rails 3.0.x before 3.0.19, 3.1.x before 3.1.10, and 3.2.x before 3.2.11 does not properly consider differences in parameter handling between the Active Record component and the JSON implementation, which allows remote attackers to bypass intended database-query restrictions and perform NULL checks or trigger missing WHERE clauses via a crafted request, as demonstrated by certain ""[nil]"" values, a related issue to CVE-2012-2660 and CVE-2012-2694.",activerecord,">= 3.0.0, < 3.0.19",3.0.19
rubygems,medium,na,CVE-2013-0155,https://cve.mitre.org/cgi-bin/cvename.cgi?name=CVE-2013-0155,"Ruby on Rails 3.0.x before 3.0.19, 3.1.x before 3.1.10, and 3.2.x before 3.2.11 does not properly consider differences in parameter handling between the Active Record component and the JSON implementation, which allows remote attackers to bypass intended database-query restrictions and perform NULL checks or trigger missing WHERE clauses via a crafted request, as demonstrated by certain ""[nil]"" values, a related issue to CVE-2012-2660 and CVE-2012-2694.",activerecord,">= 3.1.0, < 3.1.10",3.1.10
rubygems,medium,na,CVE-2013-0155,https://cve.mitre.org/cgi-bin/cvename.cgi?name=CVE-2013-0155,"Ruby on Rails 3.0.x before 3.0.19, 3.1.x before 3.1.10, and 3.2.x before 3.2.11 does not properly consider differences in parameter handling between the Active Record component and the JSON implementation, which allows remote attackers to bypass intended database-query restrictions and perform NULL checks or trigger missing WHERE clauses via a crafted request, as demonstrated by certain ""[nil]"" values, a related issue to CVE-2012-2660 and CVE-2012-2694.",activerecord,">= 3.2.0, < 3.2.11",3.2.11
rubygems,medium,improper neutralization of input during web page generation ('cross-site scripting'),CVE-2012-6684,https://cve.mitre.org/cgi-bin/cvename.cgi?name=CVE-2012-6684,Cross-site scripting (XSS) vulnerability in the RedCloth library 4.2.9 for Ruby and earlier allows remote attackers to inject arbitrary web script or HTML via a javascript: URI.,redcloth,< 4.3.0,4.3.0
npm,medium,improper neutralization of input during web page generation ('cross-site scripting'),CVE-2012-6662,https://cve.mitre.org/cgi-bin/cvename.cgi?name=CVE-2012-6662,"Cross-site scripting (XSS) vulnerability in the default content option in jquery.ui.tooltip.js in the Tooltip widget in jQuery UI before 1.10.0 allows remote attackers to inject arbitrary web script or HTML via the title attribute, which is not properly handled in the autocomplete combo box demo.",jquery-ui,< 1.1.0,1.10.0
rubygems,high,improper neutralization of special elements used in an sql command ('sql injection'),CVE-2012-6496,https://cve.mitre.org/cgi-bin/cvename.cgi?name=CVE-2012-6496,"SQL injection vulnerability in the Active Record component in Ruby on Rails before 3.0.18, 3.1.x before 3.1.9, and 3.2.x before 3.2.10 allows remote attackers to execute arbitrary SQL commands via a crafted request that leverages incorrect behavior of dynamic finders in applications that can use unexpected data types in certain find_by_ method calls.",rails,< 3.0.18,3.0.18
rubygems,high,improper neutralization of special elements used in an sql command ('sql injection'),CVE-2012-6496,https://cve.mitre.org/cgi-bin/cvename.cgi?name=CVE-2012-6496,"SQL injection vulnerability in the Active Record component in Ruby on Rails before 3.0.18, 3.1.x before 3.1.9, and 3.2.x before 3.2.10 allows remote attackers to execute arbitrary SQL commands via a crafted request that leverages incorrect behavior of dynamic finders in applications that can use unexpected data types in certain find_by_ method calls.",rails,">= 3.1.0, < 3.1.9",3.1.9
rubygems,high,improper neutralization of special elements used in an sql command ('sql injection'),CVE-2012-6496,https://cve.mitre.org/cgi-bin/cvename.cgi?name=CVE-2012-6496,"SQL injection vulnerability in the Active Record component in Ruby on Rails before 3.0.18, 3.1.x before 3.1.9, and 3.2.x before 3.2.10 allows remote attackers to execute arbitrary SQL commands via a crafted request that leverages incorrect behavior of dynamic finders in applications that can use unexpected data types in certain find_by_ method calls.",rails,">= 3.2.0, < 3.2.10",3.2.10
rubygems,high,improper neutralization of special elements used in an sql command ('sql injection'),CVE-2012-6496,https://cve.mitre.org/cgi-bin/cvename.cgi?name=CVE-2012-6496,"SQL injection vulnerability in the Active Record component in Ruby on Rails before 3.0.18, 3.1.x before 3.1.9, and 3.2.x before 3.2.10 allows remote attackers to execute arbitrary SQL commands via a crafted request that leverages incorrect behavior of dynamic finders in applications that can use unexpected data types in certain find_by_ method calls.",activerecord,< 3.0.18,3.0.18
rubygems,high,improper neutralization of special elements used in an sql command ('sql injection'),CVE-2012-6496,https://cve.mitre.org/cgi-bin/cvename.cgi?name=CVE-2012-6496,"SQL injection vulnerability in the Active Record component in Ruby on Rails before 3.0.18, 3.1.x before 3.1.9, and 3.2.x before 3.2.10 allows remote attackers to execute arbitrary SQL commands via a crafted request that leverages incorrect behavior of dynamic finders in applications that can use unexpected data types in certain find_by_ method calls.",activerecord,">= 3.1.0, < 3.1.9",3.1.9
rubygems,high,improper neutralization of special elements used in an sql command ('sql injection'),CVE-2012-6496,https://cve.mitre.org/cgi-bin/cvename.cgi?name=CVE-2012-6496,"SQL injection vulnerability in the Active Record component in Ruby on Rails before 3.0.18, 3.1.x before 3.1.9, and 3.2.x before 3.2.10 allows remote attackers to execute arbitrary SQL commands via a crafted request that leverages incorrect behavior of dynamic finders in applications that can use unexpected data types in certain find_by_ method calls.",activerecord,">= 3.2.0, < 3.2.10",3.2.10
rubygems,medium,na,CVE-2012-6134,https://cve.mitre.org/cgi-bin/cvename.cgi?name=CVE-2012-6134,Cross-site request forgery (CSRF) vulnerability in the omniauth-oauth2 gem 1.1.1 and earlier for Ruby allows remote attackers to hijack the authentication of users for requests that modify session state.,omniauth-oauth2,< 1.1.2,1.1.2
rubygems,medium,na,CVE-2012-6109,https://cve.mitre.org/cgi-bin/cvename.cgi?name=CVE-2012-6109,"lib/rack/multipart.rb in Rack before 1.1.4, 1.2.x before 1.2.6, 1.3.x before 1.3.7, and 1.4.x before 1.4.2 uses an incorrect regular expression, which allows remote attackers to cause a denial of service (infinite loop) via a crafted Content-Disposion header.",rack,< 1.1.4,1.1.4
rubygems,medium,na,CVE-2012-6109,https://cve.mitre.org/cgi-bin/cvename.cgi?name=CVE-2012-6109,"lib/rack/multipart.rb in Rack before 1.1.4, 1.2.x before 1.2.6, 1.3.x before 1.3.7, and 1.4.x before 1.4.2 uses an incorrect regular expression, which allows remote attackers to cause a denial of service (infinite loop) via a crafted Content-Disposion header.",rack,">= 1.2.0, < 1.2.6",1.2.6
rubygems,medium,na,CVE-2012-6109,https://cve.mitre.org/cgi-bin/cvename.cgi?name=CVE-2012-6109,"lib/rack/multipart.rb in Rack before 1.1.4, 1.2.x before 1.2.6, 1.3.x before 1.3.7, and 1.4.x before 1.4.2 uses an incorrect regular expression, which allows remote attackers to cause a denial of service (infinite loop) via a crafted Content-Disposion header.",rack,">= 1.3.0, < 1.3.7",1.3.7
rubygems,medium,na,CVE-2012-6109,https://cve.mitre.org/cgi-bin/cvename.cgi?name=CVE-2012-6109,"lib/rack/multipart.rb in Rack before 1.1.4, 1.2.x before 1.2.6, 1.3.x before 1.3.7, and 1.4.x before 1.4.2 uses an incorrect regular expression, which allows remote attackers to cause a denial of service (infinite loop) via a crafted Content-Disposion header.",rack,">= 1.4.0, < 1.4.2",1.4.2
rubygems,medium,na,CVE-2012-3867,https://cve.mitre.org/cgi-bin/cvename.cgi?name=CVE-2012-3867,"lib/puppet/ssl/certificate_authority.rb in Puppet before 2.6.17 and 2.7.x before 2.7.18, and Puppet Enterprise before 2.5.2, does not properly restrict the characters in the Common Name field of a Certificate Signing Request (CSR), which makes it easier for user-assisted remote attackers to trick administrators into signing a crafted agent certificate via ANSI control sequences.",puppet,< 2.6.17,2.6.17
rubygems,medium,na,CVE-2012-3867,https://cve.mitre.org/cgi-bin/cvename.cgi?name=CVE-2012-3867,"lib/puppet/ssl/certificate_authority.rb in Puppet before 2.6.17 and 2.7.x before 2.7.18, and Puppet Enterprise before 2.5.2, does not properly restrict the characters in the Common Name field of a Certificate Signing Request (CSR), which makes it easier for user-assisted remote attackers to trick administrators into signing a crafted agent certificate via ANSI control sequences.",puppet,">= 2.7.0, < 2.7.18",2.7.18
rubygems,low,na,CVE-2012-3866,https://cve.mitre.org/cgi-bin/cvename.cgi?name=CVE-2012-3866,"lib/puppet/defaults.rb in Puppet 2.7.x before 2.7.18, and Puppet Enterprise before 2.5.2, uses 0644 permissions for last_run_report.yaml, which allows local users to obtain sensitive configuration information by leveraging access to the puppet master server to read this file.",puppet,">= 2.7.0, < 2.7.18",2.7.18
rubygems,low,improper limitation of a pathname to a restricted directory ('path traversal'),CVE-2012-3865,https://cve.mitre.org/cgi-bin/cvename.cgi?name=CVE-2012-3865,"Directory traversal vulnerability in lib/puppet/reports/store.rb in Puppet before 2.6.17 and 2.7.x before 2.7.18, and Puppet Enterprise before 2.5.2, when Delete is enabled in auth.conf, allows remote authenticated users to delete arbitrary files on the puppet master server via a .. (dot dot) in a node name.",puppet,< 2.6.17,2.6.17
rubygems,low,improper limitation of a pathname to a restricted directory ('path traversal'),CVE-2012-3865,https://cve.mitre.org/cgi-bin/cvename.cgi?name=CVE-2012-3865,"Directory traversal vulnerability in lib/puppet/reports/store.rb in Puppet before 2.6.17 and 2.7.x before 2.7.18, and Puppet Enterprise before 2.5.2, when Delete is enabled in auth.conf, allows remote authenticated users to delete arbitrary files on the puppet master server via a .. (dot dot) in a node name.",puppet,">= 2.7.0, < 2.7.18",2.7.18
rubygems,medium,improper neutralization of input during web page generation ('cross-site scripting'),CVE-2012-3465,https://cve.mitre.org/cgi-bin/cvename.cgi?name=CVE-2012-3465,"Cross-site scripting (XSS) vulnerability in actionpack/lib/action_view/helpers/sanitize_helper.rb in the strip_tags helper in Ruby on Rails before 3.0.17, 3.1.x before 3.1.8, and 3.2.x before 3.2.8 allows remote attackers to inject arbitrary web script or HTML via malformed HTML markup.",rails,< 3.0.17,3.0.17
rubygems,medium,improper neutralization of input during web page generation ('cross-site scripting'),CVE-2012-3465,https://cve.mitre.org/cgi-bin/cvename.cgi?name=CVE-2012-3465,"Cross-site scripting (XSS) vulnerability in actionpack/lib/action_view/helpers/sanitize_helper.rb in the strip_tags helper in Ruby on Rails before 3.0.17, 3.1.x before 3.1.8, and 3.2.x before 3.2.8 allows remote attackers to inject arbitrary web script or HTML via malformed HTML markup.",rails,">= 3.1.0, < 3.1.8",3.1.8
rubygems,medium,improper neutralization of input during web page generation ('cross-site scripting'),CVE-2012-3465,https://cve.mitre.org/cgi-bin/cvename.cgi?name=CVE-2012-3465,"Cross-site scripting (XSS) vulnerability in actionpack/lib/action_view/helpers/sanitize_helper.rb in the strip_tags helper in Ruby on Rails before 3.0.17, 3.1.x before 3.1.8, and 3.2.x before 3.2.8 allows remote attackers to inject arbitrary web script or HTML via malformed HTML markup.",rails,">= 3.2.0, < 3.2.8",3.2.8
rubygems,medium,improper neutralization of input during web page generation ('cross-site scripting'),CVE-2012-3465,https://cve.mitre.org/cgi-bin/cvename.cgi?name=CVE-2012-3465,"Cross-site scripting (XSS) vulnerability in actionpack/lib/action_view/helpers/sanitize_helper.rb in the strip_tags helper in Ruby on Rails before 3.0.17, 3.1.x before 3.1.8, and 3.2.x before 3.2.8 allows remote attackers to inject arbitrary web script or HTML via malformed HTML markup.",actionpack,< 3.0.17,3.0.17
rubygems,medium,improper neutralization of input during web page generation ('cross-site scripting'),CVE-2012-3465,https://cve.mitre.org/cgi-bin/cvename.cgi?name=CVE-2012-3465,"Cross-site scripting (XSS) vulnerability in actionpack/lib/action_view/helpers/sanitize_helper.rb in the strip_tags helper in Ruby on Rails before 3.0.17, 3.1.x before 3.1.8, and 3.2.x before 3.2.8 allows remote attackers to inject arbitrary web script or HTML via malformed HTML markup.",actionpack,">= 3.1.0, < 3.1.8",3.1.8
rubygems,medium,improper neutralization of input during web page generation ('cross-site scripting'),CVE-2012-3465,https://cve.mitre.org/cgi-bin/cvename.cgi?name=CVE-2012-3465,"Cross-site scripting (XSS) vulnerability in actionpack/lib/action_view/helpers/sanitize_helper.rb in the strip_tags helper in Ruby on Rails before 3.0.17, 3.1.x before 3.1.8, and 3.2.x before 3.2.8 allows remote attackers to inject arbitrary web script or HTML via malformed HTML markup.",actionpack,">= 3.2.0, < 3.2.8",3.2.8
rubygems,medium,improper neutralization of input during web page generation ('cross-site scripting'),CVE-2012-3464,https://cve.mitre.org/cgi-bin/cvename.cgi?name=CVE-2012-3464,"Cross-site scripting (XSS) vulnerability in activesupport/lib/active_support/core_ext/string/output_safety.rb in Ruby on Rails before 3.0.17, 3.1.x before 3.1.8, and 3.2.x before 3.2.8 might allow remote attackers to inject arbitrary web script or HTML via vectors involving a ' (quote) character.",rails,< 3.0.17,3.0.17
rubygems,medium,improper neutralization of input during web page generation ('cross-site scripting'),CVE-2012-3464,https://cve.mitre.org/cgi-bin/cvename.cgi?name=CVE-2012-3464,"Cross-site scripting (XSS) vulnerability in activesupport/lib/active_support/core_ext/string/output_safety.rb in Ruby on Rails before 3.0.17, 3.1.x before 3.1.8, and 3.2.x before 3.2.8 might allow remote attackers to inject arbitrary web script or HTML via vectors involving a ' (quote) character.",rails,">= 3.1.0, < 3.1.8",3.1.8
rubygems,medium,improper neutralization of input during web page generation ('cross-site scripting'),CVE-2012-3464,https://cve.mitre.org/cgi-bin/cvename.cgi?name=CVE-2012-3464,"Cross-site scripting (XSS) vulnerability in activesupport/lib/active_support/core_ext/string/output_safety.rb in Ruby on Rails before 3.0.17, 3.1.x before 3.1.8, and 3.2.x before 3.2.8 might allow remote attackers to inject arbitrary web script or HTML via vectors involving a ' (quote) character.",rails,">= 3.2.0, < 3.2.8",3.2.8
rubygems,medium,improper neutralization of input during web page generation ('cross-site scripting'),CVE-2012-3464,https://cve.mitre.org/cgi-bin/cvename.cgi?name=CVE-2012-3464,"Cross-site scripting (XSS) vulnerability in activesupport/lib/active_support/core_ext/string/output_safety.rb in Ruby on Rails before 3.0.17, 3.1.x before 3.1.8, and 3.2.x before 3.2.8 might allow remote attackers to inject arbitrary web script or HTML via vectors involving a ' (quote) character.",activesupport,< 3.0.17,3.0.17
rubygems,medium,improper neutralization of input during web page generation ('cross-site scripting'),CVE-2012-3464,https://cve.mitre.org/cgi-bin/cvename.cgi?name=CVE-2012-3464,"Cross-site scripting (XSS) vulnerability in activesupport/lib/active_support/core_ext/string/output_safety.rb in Ruby on Rails before 3.0.17, 3.1.x before 3.1.8, and 3.2.x before 3.2.8 might allow remote attackers to inject arbitrary web script or HTML via vectors involving a ' (quote) character.",activesupport,">= 3.1.0, < 3.1.8",3.1.8
rubygems,medium,improper neutralization of input during web page generation ('cross-site scripting'),CVE-2012-3464,https://cve.mitre.org/cgi-bin/cvename.cgi?name=CVE-2012-3464,"Cross-site scripting (XSS) vulnerability in activesupport/lib/active_support/core_ext/string/output_safety.rb in Ruby on Rails before 3.0.17, 3.1.x before 3.1.8, and 3.2.x before 3.2.8 might allow remote attackers to inject arbitrary web script or HTML via vectors involving a ' (quote) character.",activesupport,">= 3.2.0, < 3.2.8",3.2.8
rubygems,medium,improper neutralization of input during web page generation ('cross-site scripting'),CVE-2012-3463,https://cve.mitre.org/cgi-bin/cvename.cgi?name=CVE-2012-3463,"Cross-site scripting (XSS) vulnerability in actionpack/lib/action_view/helpers/form_tag_helper.rb in Ruby on Rails 3.x before 3.0.17, 3.1.x before 3.1.8, and 3.2.x before 3.2.8 allows remote attackers to inject arbitrary web script or HTML via the prompt field to the select_tag helper.",rails,< 3.0.17,3.0.17
rubygems,medium,improper neutralization of input during web page generation ('cross-site scripting'),CVE-2012-3463,https://cve.mitre.org/cgi-bin/cvename.cgi?name=CVE-2012-3463,"Cross-site scripting (XSS) vulnerability in actionpack/lib/action_view/helpers/form_tag_helper.rb in Ruby on Rails 3.x before 3.0.17, 3.1.x before 3.1.8, and 3.2.x before 3.2.8 allows remote attackers to inject arbitrary web script or HTML via the prompt field to the select_tag helper.",rails,">= 3.1.0, < 3.1.8",3.1.8
rubygems,medium,improper neutralization of input during web page generation ('cross-site scripting'),CVE-2012-3463,https://cve.mitre.org/cgi-bin/cvename.cgi?name=CVE-2012-3463,"Cross-site scripting (XSS) vulnerability in actionpack/lib/action_view/helpers/form_tag_helper.rb in Ruby on Rails 3.x before 3.0.17, 3.1.x before 3.1.8, and 3.2.x before 3.2.8 allows remote attackers to inject arbitrary web script or HTML via the prompt field to the select_tag helper.",rails,">= 3.2.0, < 3.2.8",3.2.8
rubygems,medium,improper neutralization of input during web page generation ('cross-site scripting'),CVE-2012-3463,https://cve.mitre.org/cgi-bin/cvename.cgi?name=CVE-2012-3463,"Cross-site scripting (XSS) vulnerability in actionpack/lib/action_view/helpers/form_tag_helper.rb in Ruby on Rails 3.x before 3.0.17, 3.1.x before 3.1.8, and 3.2.x before 3.2.8 allows remote attackers to inject arbitrary web script or HTML via the prompt field to the select_tag helper.",actionpack,< 3.0.17,3.0.17
rubygems,medium,improper neutralization of input during web page generation ('cross-site scripting'),CVE-2012-3463,https://cve.mitre.org/cgi-bin/cvename.cgi?name=CVE-2012-3463,"Cross-site scripting (XSS) vulnerability in actionpack/lib/action_view/helpers/form_tag_helper.rb in Ruby on Rails 3.x before 3.0.17, 3.1.x before 3.1.8, and 3.2.x before 3.2.8 allows remote attackers to inject arbitrary web script or HTML via the prompt field to the select_tag helper.",actionpack,">= 3.1.0, < 3.1.8",3.1.8
rubygems,medium,improper neutralization of input during web page generation ('cross-site scripting'),CVE-2012-3463,https://cve.mitre.org/cgi-bin/cvename.cgi?name=CVE-2012-3463,"Cross-site scripting (XSS) vulnerability in actionpack/lib/action_view/helpers/form_tag_helper.rb in Ruby on Rails 3.x before 3.0.17, 3.1.x before 3.1.8, and 3.2.x before 3.2.8 allows remote attackers to inject arbitrary web script or HTML via the prompt field to the select_tag helper.",actionpack,">= 3.2.0, < 3.2.8",3.2.8
rubygems,medium,improper authentication,CVE-2012-3424,https://cve.mitre.org/cgi-bin/cvename.cgi?name=CVE-2012-3424,"The decode_credentials method in actionpack/lib/action_controller/metal/http_authentication.rb in Ruby on Rails 3.x before 3.0.16, 3.1.x before 3.1.7, and 3.2.x before 3.2.7 converts Digest Authentication strings to symbols, which allows remote attackers to cause a denial of service by leveraging access to an application that uses a with_http_digest helper method, as demonstrated by the authenticate_or_request_with_http_digest method.",rails,< 3.0.16,3.0.16
rubygems,medium,improper authentication,CVE-2012-3424,https://cve.mitre.org/cgi-bin/cvename.cgi?name=CVE-2012-3424,"The decode_credentials method in actionpack/lib/action_controller/metal/http_authentication.rb in Ruby on Rails 3.x before 3.0.16, 3.1.x before 3.1.7, and 3.2.x before 3.2.7 converts Digest Authentication strings to symbols, which allows remote attackers to cause a denial of service by leveraging access to an application that uses a with_http_digest helper method, as demonstrated by the authenticate_or_request_with_http_digest method.",rails,">= 3.1.0, < 3.1.7",3.1.7
rubygems,medium,improper authentication,CVE-2012-3424,https://cve.mitre.org/cgi-bin/cvename.cgi?name=CVE-2012-3424,"The decode_credentials method in actionpack/lib/action_controller/metal/http_authentication.rb in Ruby on Rails 3.x before 3.0.16, 3.1.x before 3.1.7, and 3.2.x before 3.2.7 converts Digest Authentication strings to symbols, which allows remote attackers to cause a denial of service by leveraging access to an application that uses a with_http_digest helper method, as demonstrated by the authenticate_or_request_with_http_digest method.",rails,">= 3.2.0, < 3.2.7",3.2.7
rubygems,medium,improper authentication,CVE-2012-3424,https://cve.mitre.org/cgi-bin/cvename.cgi?name=CVE-2012-3424,"The decode_credentials method in actionpack/lib/action_controller/metal/http_authentication.rb in Ruby on Rails 3.x before 3.0.16, 3.1.x before 3.1.7, and 3.2.x before 3.2.7 converts Digest Authentication strings to symbols, which allows remote attackers to cause a denial of service by leveraging access to an application that uses a with_http_digest helper method, as demonstrated by the authenticate_or_request_with_http_digest method.",actionpack,< 3.0.16,3.0.16
rubygems,medium,improper authentication,CVE-2012-3424,https://cve.mitre.org/cgi-bin/cvename.cgi?name=CVE-2012-3424,"The decode_credentials method in actionpack/lib/action_controller/metal/http_authentication.rb in Ruby on Rails 3.x before 3.0.16, 3.1.x before 3.1.7, and 3.2.x before 3.2.7 converts Digest Authentication strings to symbols, which allows remote attackers to cause a denial of service by leveraging access to an application that uses a with_http_digest helper method, as demonstrated by the authenticate_or_request_with_http_digest method.",actionpack,">= 3.1.0, < 3.1.7",3.1.7
rubygems,medium,improper authentication,CVE-2012-3424,https://cve.mitre.org/cgi-bin/cvename.cgi?name=CVE-2012-3424,"The decode_credentials method in actionpack/lib/action_controller/metal/http_authentication.rb in Ruby on Rails 3.x before 3.0.16, 3.1.x before 3.1.7, and 3.2.x before 3.2.7 converts Digest Authentication strings to symbols, which allows remote attackers to cause a denial of service by leveraging access to an application that uses a with_http_digest helper method, as demonstrated by the authenticate_or_request_with_http_digest method.",actionpack,">= 3.2.0, < 3.2.7",3.2.7
rubygems,low,improper authentication,CVE-2012-3408,https://cve.mitre.org/cgi-bin/cvename.cgi?name=CVE-2012-3408,"lib/puppet/network/authstore.rb in Puppet before 2.7.18, and Puppet Enterprise before 2.5.2, supports use of IP addresses in certnames without warning of potential risks, which might allow remote attackers to spoof an agent by acquiring a previously used IP address.",puppet,< 2.7.18,2.7.18
rubygems,high,improper neutralization of special elements used in an sql command ('sql injection'),CVE-2012-2695,https://cve.mitre.org/cgi-bin/cvename.cgi?name=CVE-2012-2695,"The Active Record component in Ruby on Rails before 3.0.14, 3.1.x before 3.1.6, and 3.2.x before 3.2.6 does not properly implement the passing of request data to a where method in an ActiveRecord class, which allows remote attackers to conduct certain SQL injection attacks via nested query parameters that leverage improper handling of nested hashes, a related issue to CVE-2012-2661.",rails,< 3.0.14,3.0.14
rubygems,high,improper neutralization of special elements used in an sql command ('sql injection'),CVE-2012-2695,https://cve.mitre.org/cgi-bin/cvename.cgi?name=CVE-2012-2695,"The Active Record component in Ruby on Rails before 3.0.14, 3.1.x before 3.1.6, and 3.2.x before 3.2.6 does not properly implement the passing of request data to a where method in an ActiveRecord class, which allows remote attackers to conduct certain SQL injection attacks via nested query parameters that leverage improper handling of nested hashes, a related issue to CVE-2012-2661.",rails,">= 3.1.0, < 3.1.6",3.1.6
rubygems,high,improper neutralization of special elements used in an sql command ('sql injection'),CVE-2012-2695,https://cve.mitre.org/cgi-bin/cvename.cgi?name=CVE-2012-2695,"The Active Record component in Ruby on Rails before 3.0.14, 3.1.x before 3.1.6, and 3.2.x before 3.2.6 does not properly implement the passing of request data to a where method in an ActiveRecord class, which allows remote attackers to conduct certain SQL injection attacks via nested query parameters that leverage improper handling of nested hashes, a related issue to CVE-2012-2661.",rails,">= 3.2.0, < 3.2.6",3.2.6
rubygems,high,improper neutralization of special elements used in an sql command ('sql injection'),CVE-2012-2695,https://cve.mitre.org/cgi-bin/cvename.cgi?name=CVE-2012-2695,"The Active Record component in Ruby on Rails before 3.0.14, 3.1.x before 3.1.6, and 3.2.x before 3.2.6 does not properly implement the passing of request data to a where method in an ActiveRecord class, which allows remote attackers to conduct certain SQL injection attacks via nested query parameters that leverage improper handling of nested hashes, a related issue to CVE-2012-2661.",activerecord,< 3.0.14,3.0.14
rubygems,high,improper neutralization of special elements used in an sql command ('sql injection'),CVE-2012-2695,https://cve.mitre.org/cgi-bin/cvename.cgi?name=CVE-2012-2695,"The Active Record component in Ruby on Rails before 3.0.14, 3.1.x before 3.1.6, and 3.2.x before 3.2.6 does not properly implement the passing of request data to a where method in an ActiveRecord class, which allows remote attackers to conduct certain SQL injection attacks via nested query parameters that leverage improper handling of nested hashes, a related issue to CVE-2012-2661.",activerecord,">= 3.1.0, < 3.1.6",3.1.6
rubygems,high,improper neutralization of special elements used in an sql command ('sql injection'),CVE-2012-2695,https://cve.mitre.org/cgi-bin/cvename.cgi?name=CVE-2012-2695,"The Active Record component in Ruby on Rails before 3.0.14, 3.1.x before 3.1.6, and 3.2.x before 3.2.6 does not properly implement the passing of request data to a where method in an ActiveRecord class, which allows remote attackers to conduct certain SQL injection attacks via nested query parameters that leverage improper handling of nested hashes, a related issue to CVE-2012-2661.",activerecord,">= 3.2.0, < 3.2.6",3.2.6
rubygems,medium,na,CVE-2012-2694,https://cve.mitre.org/cgi-bin/cvename.cgi?name=CVE-2012-2694,"actionpack/lib/action_dispatch/http/request.rb in Ruby on Rails before 3.0.14, 3.1.x before 3.1.6, and 3.2.x before 3.2.6 does not properly consider differences in parameter handling between the Active Record component and the Rack interface, which allows remote attackers to bypass intended database-query restrictions and perform NULL checks via a crafted request, as demonstrated by certain ""['xyz', nil]"" values, a related issue to CVE-2012-2660.",rails,< 3.0.14,3.0.14
rubygems,medium,na,CVE-2012-2694,https://cve.mitre.org/cgi-bin/cvename.cgi?name=CVE-2012-2694,"actionpack/lib/action_dispatch/http/request.rb in Ruby on Rails before 3.0.14, 3.1.x before 3.1.6, and 3.2.x before 3.2.6 does not properly consider differences in parameter handling between the Active Record component and the Rack interface, which allows remote attackers to bypass intended database-query restrictions and perform NULL checks via a crafted request, as demonstrated by certain ""['xyz', nil]"" values, a related issue to CVE-2012-2660.",rails,">= 3.1.0, < 3.1.6",3.1.6
rubygems,medium,na,CVE-2012-2694,https://cve.mitre.org/cgi-bin/cvename.cgi?name=CVE-2012-2694,"actionpack/lib/action_dispatch/http/request.rb in Ruby on Rails before 3.0.14, 3.1.x before 3.1.6, and 3.2.x before 3.2.6 does not properly consider differences in parameter handling between the Active Record component and the Rack interface, which allows remote attackers to bypass intended database-query restrictions and perform NULL checks via a crafted request, as demonstrated by certain ""['xyz', nil]"" values, a related issue to CVE-2012-2660.",rails,">= 3.2.0, < 3.2.6",3.2.6
rubygems,medium,na,CVE-2012-2694,https://cve.mitre.org/cgi-bin/cvename.cgi?name=CVE-2012-2694,"actionpack/lib/action_dispatch/http/request.rb in Ruby on Rails before 3.0.14, 3.1.x before 3.1.6, and 3.2.x before 3.2.6 does not properly consider differences in parameter handling between the Active Record component and the Rack interface, which allows remote attackers to bypass intended database-query restrictions and perform NULL checks via a crafted request, as demonstrated by certain ""['xyz', nil]"" values, a related issue to CVE-2012-2660.",actionpack,< 3.0.14,3.0.14
rubygems,medium,na,CVE-2012-2694,https://cve.mitre.org/cgi-bin/cvename.cgi?name=CVE-2012-2694,"actionpack/lib/action_dispatch/http/request.rb in Ruby on Rails before 3.0.14, 3.1.x before 3.1.6, and 3.2.x before 3.2.6 does not properly consider differences in parameter handling between the Active Record component and the Rack interface, which allows remote attackers to bypass intended database-query restrictions and perform NULL checks via a crafted request, as demonstrated by certain ""['xyz', nil]"" values, a related issue to CVE-2012-2660.",actionpack,">= 3.1.0, < 3.1.6",3.1.6
rubygems,medium,na,CVE-2012-2694,https://cve.mitre.org/cgi-bin/cvename.cgi?name=CVE-2012-2694,"actionpack/lib/action_dispatch/http/request.rb in Ruby on Rails before 3.0.14, 3.1.x before 3.1.6, and 3.2.x before 3.2.6 does not properly consider differences in parameter handling between the Active Record component and the Rack interface, which allows remote attackers to bypass intended database-query restrictions and perform NULL checks via a crafted request, as demonstrated by certain ""['xyz', nil]"" values, a related issue to CVE-2012-2660.",actionpack,">= 3.2.0, < 3.2.6",3.2.6
rubygems,medium,improper neutralization of special elements used in an sql command ('sql injection'),CVE-2012-2661,https://cve.mitre.org/cgi-bin/cvename.cgi?name=CVE-2012-2661,"The Active Record component in Ruby on Rails 3.0.x before 3.0.13, 3.1.x before 3.1.5, and 3.2.x before 3.2.4 does not properly implement the passing of request data to a where method in an ActiveRecord class, which allows remote attackers to conduct certain SQL injection attacks via nested query parameters that leverage unintended recursion, a related issue to CVE-2012-2695.",rails,">= 3.0.0, < 3.0.13",3.0.13
rubygems,medium,improper neutralization of special elements used in an sql command ('sql injection'),CVE-2012-2661,https://cve.mitre.org/cgi-bin/cvename.cgi?name=CVE-2012-2661,"The Active Record component in Ruby on Rails 3.0.x before 3.0.13, 3.1.x before 3.1.5, and 3.2.x before 3.2.4 does not properly implement the passing of request data to a where method in an ActiveRecord class, which allows remote attackers to conduct certain SQL injection attacks via nested query parameters that leverage unintended recursion, a related issue to CVE-2012-2695.",rails,">= 3.1.0, < 3.1.5",3.1.5
rubygems,medium,improper neutralization of special elements used in an sql command ('sql injection'),CVE-2012-2661,https://cve.mitre.org/cgi-bin/cvename.cgi?name=CVE-2012-2661,"The Active Record component in Ruby on Rails 3.0.x before 3.0.13, 3.1.x before 3.1.5, and 3.2.x before 3.2.4 does not properly implement the passing of request data to a where method in an ActiveRecord class, which allows remote attackers to conduct certain SQL injection attacks via nested query parameters that leverage unintended recursion, a related issue to CVE-2012-2695.",rails,">= 3.2.0, < 3.2.4",3.2.4
rubygems,medium,improper neutralization of special elements used in an sql command ('sql injection'),CVE-2012-2661,https://cve.mitre.org/cgi-bin/cvename.cgi?name=CVE-2012-2661,"The Active Record component in Ruby on Rails 3.0.x before 3.0.13, 3.1.x before 3.1.5, and 3.2.x before 3.2.4 does not properly implement the passing of request data to a where method in an ActiveRecord class, which allows remote attackers to conduct certain SQL injection attacks via nested query parameters that leverage unintended recursion, a related issue to CVE-2012-2695.",activerecord,">= 3.0.0, < 3.0.13",3.0.13
rubygems,medium,improper neutralization of special elements used in an sql command ('sql injection'),CVE-2012-2661,https://cve.mitre.org/cgi-bin/cvename.cgi?name=CVE-2012-2661,"The Active Record component in Ruby on Rails 3.0.x before 3.0.13, 3.1.x before 3.1.5, and 3.2.x before 3.2.4 does not properly implement the passing of request data to a where method in an ActiveRecord class, which allows remote attackers to conduct certain SQL injection attacks via nested query parameters that leverage unintended recursion, a related issue to CVE-2012-2695.",activerecord,">= 3.1.0, < 3.1.5",3.1.5
rubygems,medium,improper neutralization of special elements used in an sql command ('sql injection'),CVE-2012-2661,https://cve.mitre.org/cgi-bin/cvename.cgi?name=CVE-2012-2661,"The Active Record component in Ruby on Rails 3.0.x before 3.0.13, 3.1.x before 3.1.5, and 3.2.x before 3.2.4 does not properly implement the passing of request data to a where method in an ActiveRecord class, which allows remote attackers to conduct certain SQL injection attacks via nested query parameters that leverage unintended recursion, a related issue to CVE-2012-2695.",activerecord,">= 3.2.0, < 3.2.4",3.2.4
rubygems,medium,na,CVE-2012-2660,https://cve.mitre.org/cgi-bin/cvename.cgi?name=CVE-2012-2660,"actionpack/lib/action_dispatch/http/request.rb in Ruby on Rails before 3.0.13, 3.1.x before 3.1.5, and 3.2.x before 3.2.4 does not properly consider differences in parameter handling between the Active Record component and the Rack interface, which allows remote attackers to bypass intended database-query restrictions and perform NULL checks via a crafted request, as demonstrated by certain ""[nil]"" values, a related issue to CVE-2012-2694.",rails,< 3.0.13,3.0.13
rubygems,medium,na,CVE-2012-2660,https://cve.mitre.org/cgi-bin/cvename.cgi?name=CVE-2012-2660,"actionpack/lib/action_dispatch/http/request.rb in Ruby on Rails before 3.0.13, 3.1.x before 3.1.5, and 3.2.x before 3.2.4 does not properly consider differences in parameter handling between the Active Record component and the Rack interface, which allows remote attackers to bypass intended database-query restrictions and perform NULL checks via a crafted request, as demonstrated by certain ""[nil]"" values, a related issue to CVE-2012-2694.",rails,">= 3.1.0, < 3.1.5",3.1.5
rubygems,medium,na,CVE-2012-2660,https://cve.mitre.org/cgi-bin/cvename.cgi?name=CVE-2012-2660,"actionpack/lib/action_dispatch/http/request.rb in Ruby on Rails before 3.0.13, 3.1.x before 3.1.5, and 3.2.x before 3.2.4 does not properly consider differences in parameter handling between the Active Record component and the Rack interface, which allows remote attackers to bypass intended database-query restrictions and perform NULL checks via a crafted request, as demonstrated by certain ""[nil]"" values, a related issue to CVE-2012-2694.",rails,">= 3.2.0, < 3.2.4",3.2.4
rubygems,medium,na,CVE-2012-2660,https://cve.mitre.org/cgi-bin/cvename.cgi?name=CVE-2012-2660,"actionpack/lib/action_dispatch/http/request.rb in Ruby on Rails before 3.0.13, 3.1.x before 3.1.5, and 3.2.x before 3.2.4 does not properly consider differences in parameter handling between the Active Record component and the Rack interface, which allows remote attackers to bypass intended database-query restrictions and perform NULL checks via a crafted request, as demonstrated by certain ""[nil]"" values, a related issue to CVE-2012-2694.",actionpack,< 3.0.13,3.0.13
rubygems,medium,na,CVE-2012-2660,https://cve.mitre.org/cgi-bin/cvename.cgi?name=CVE-2012-2660,"actionpack/lib/action_dispatch/http/request.rb in Ruby on Rails before 3.0.13, 3.1.x before 3.1.5, and 3.2.x before 3.2.4 does not properly consider differences in parameter handling between the Active Record component and the Rack interface, which allows remote attackers to bypass intended database-query restrictions and perform NULL checks via a crafted request, as demonstrated by certain ""[nil]"" values, a related issue to CVE-2012-2694.",actionpack,">= 3.1.0, < 3.1.5",3.1.5
rubygems,medium,na,CVE-2012-2660,https://cve.mitre.org/cgi-bin/cvename.cgi?name=CVE-2012-2660,"actionpack/lib/action_dispatch/http/request.rb in Ruby on Rails before 3.0.13, 3.1.x before 3.1.5, and 3.2.x before 3.2.4 does not properly consider differences in parameter handling between the Active Record component and the Rack interface, which allows remote attackers to bypass intended database-query restrictions and perform NULL checks via a crafted request, as demonstrated by certain ""[nil]"" values, a related issue to CVE-2012-2694.",actionpack,">= 3.2.0, < 3.2.4",3.2.4
rubygems,high,improper input validation,CVE-2012-2140,https://cve.mitre.org/cgi-bin/cvename.cgi?name=CVE-2012-2140,The Mail gem before 2.4.3 for Ruby allows remote attackers to execute arbitrary commands via shell metacharacters in a (1) sendmail or (2) exim delivery.,mail,< 2.4.3,2.4.3
rubygems,medium,improper limitation of a pathname to a restricted directory ('path traversal'),CVE-2012-2139,https://cve.mitre.org/cgi-bin/cvename.cgi?name=CVE-2012-2139,Directory traversal vulnerability in lib/mail/network/delivery_methods/file_delivery.rb in the Mail gem before 2.4.4 for Ruby allows remote attackers to read arbitrary files via a .. (dot dot) in the to parameter.,mail,< 2.4.4,2.4.4
rubygems,low,na,CVE-2012-1989,https://cve.mitre.org/cgi-bin/cvename.cgi?name=CVE-2012-1989,"telnet.rb in Puppet 2.7.x before 2.7.13 and Puppet Enterprise (PE) 1.2.x, 2.0.x, and 2.5.x before 2.5.1 allows local users to overwrite arbitrary files via a symlink attack on the NET::Telnet connection log (/tmp/out.log).",puppet,">= 2.7.1, < 2.7.13",2.7.13
rubygems,medium,improper neutralization of input during web page generation ('cross-site scripting'),CVE-2012-1099,https://cve.mitre.org/cgi-bin/cvename.cgi?name=CVE-2012-1099,"Cross-site scripting (XSS) vulnerability in actionpack/lib/action_view/helpers/form_options_helper.rb in the select helper in Ruby on Rails 3.0.x before 3.0.12, 3.1.x before 3.1.4, and 3.2.x before 3.2.2 allows remote attackers to inject arbitrary web script or HTML via vectors involving certain generation of OPTION elements within SELECT elements.",rails,">= 3.0.0, < 3.0.12",3.0.12
rubygems,medium,improper neutralization of input during web page generation ('cross-site scripting'),CVE-2012-1099,https://cve.mitre.org/cgi-bin/cvename.cgi?name=CVE-2012-1099,"Cross-site scripting (XSS) vulnerability in actionpack/lib/action_view/helpers/form_options_helper.rb in the select helper in Ruby on Rails 3.0.x before 3.0.12, 3.1.x before 3.1.4, and 3.2.x before 3.2.2 allows remote attackers to inject arbitrary web script or HTML via vectors involving certain generation of OPTION elements within SELECT elements.",rails,">= 3.1.0, < 3.1.4",3.1.4
rubygems,medium,improper neutralization of input during web page generation ('cross-site scripting'),CVE-2012-1099,https://cve.mitre.org/cgi-bin/cvename.cgi?name=CVE-2012-1099,"Cross-site scripting (XSS) vulnerability in actionpack/lib/action_view/helpers/form_options_helper.rb in the select helper in Ruby on Rails 3.0.x before 3.0.12, 3.1.x before 3.1.4, and 3.2.x before 3.2.2 allows remote attackers to inject arbitrary web script or HTML via vectors involving certain generation of OPTION elements within SELECT elements.",rails,">= 3.2.0, < 3.2.2",3.2.2
rubygems,medium,improper neutralization of input during web page generation ('cross-site scripting'),CVE-2012-1099,https://cve.mitre.org/cgi-bin/cvename.cgi?name=CVE-2012-1099,"Cross-site scripting (XSS) vulnerability in actionpack/lib/action_view/helpers/form_options_helper.rb in the select helper in Ruby on Rails 3.0.x before 3.0.12, 3.1.x before 3.1.4, and 3.2.x before 3.2.2 allows remote attackers to inject arbitrary web script or HTML via vectors involving certain generation of OPTION elements within SELECT elements.",actionpack,">= 3.0.0, < 3.0.12",3.0.12
rubygems,medium,improper neutralization of input during web page generation ('cross-site scripting'),CVE-2012-1099,https://cve.mitre.org/cgi-bin/cvename.cgi?name=CVE-2012-1099,"Cross-site scripting (XSS) vulnerability in actionpack/lib/action_view/helpers/form_options_helper.rb in the select helper in Ruby on Rails 3.0.x before 3.0.12, 3.1.x before 3.1.4, and 3.2.x before 3.2.2 allows remote attackers to inject arbitrary web script or HTML via vectors involving certain generation of OPTION elements within SELECT elements.",actionpack,">= 3.1.0, < 3.1.4",3.1.4
rubygems,medium,improper neutralization of input during web page generation ('cross-site scripting'),CVE-2012-1099,https://cve.mitre.org/cgi-bin/cvename.cgi?name=CVE-2012-1099,"Cross-site scripting (XSS) vulnerability in actionpack/lib/action_view/helpers/form_options_helper.rb in the select helper in Ruby on Rails 3.0.x before 3.0.12, 3.1.x before 3.1.4, and 3.2.x before 3.2.2 allows remote attackers to inject arbitrary web script or HTML via vectors involving certain generation of OPTION elements within SELECT elements.",actionpack,">= 3.2.0, < 3.2.2",3.2.2
rubygems,medium,improper neutralization of input during web page generation ('cross-site scripting'),CVE-2012-1098,https://cve.mitre.org/cgi-bin/cvename.cgi?name=CVE-2012-1098,"Cross-site scripting (XSS) vulnerability in Ruby on Rails 3.0.x before 3.0.12, 3.1.x before 3.1.4, and 3.2.x before 3.2.2 allows remote attackers to inject arbitrary web script or HTML via vectors involving a SafeBuffer object that is manipulated through certain methods.",rails,">= 3.0.0, < 3.0.12",3.0.12
rubygems,medium,improper neutralization of input during web page generation ('cross-site scripting'),CVE-2012-1098,https://cve.mitre.org/cgi-bin/cvename.cgi?name=CVE-2012-1098,"Cross-site scripting (XSS) vulnerability in Ruby on Rails 3.0.x before 3.0.12, 3.1.x before 3.1.4, and 3.2.x before 3.2.2 allows remote attackers to inject arbitrary web script or HTML via vectors involving a SafeBuffer object that is manipulated through certain methods.",rails,">= 3.1.0, < 3.1.4",3.1.4
rubygems,medium,improper neutralization of input during web page generation ('cross-site scripting'),CVE-2012-1098,https://cve.mitre.org/cgi-bin/cvename.cgi?name=CVE-2012-1098,"Cross-site scripting (XSS) vulnerability in Ruby on Rails 3.0.x before 3.0.12, 3.1.x before 3.1.4, and 3.2.x before 3.2.2 allows remote attackers to inject arbitrary web script or HTML via vectors involving a SafeBuffer object that is manipulated through certain methods.",rails,">= 3.2.0, < 3.2.2",3.2.2
rubygems,medium,improper neutralization of input during web page generation ('cross-site scripting'),CVE-2012-1098,https://cve.mitre.org/cgi-bin/cvename.cgi?name=CVE-2012-1098,"Cross-site scripting (XSS) vulnerability in Ruby on Rails 3.0.x before 3.0.12, 3.1.x before 3.1.4, and 3.2.x before 3.2.2 allows remote attackers to inject arbitrary web script or HTML via vectors involving a SafeBuffer object that is manipulated through certain methods.",activesupport,">= 3.0.0, < 3.0.12",3.0.12
rubygems,medium,improper neutralization of input during web page generation ('cross-site scripting'),CVE-2012-1098,https://cve.mitre.org/cgi-bin/cvename.cgi?name=CVE-2012-1098,"Cross-site scripting (XSS) vulnerability in Ruby on Rails 3.0.x before 3.0.12, 3.1.x before 3.1.4, and 3.2.x before 3.2.2 allows remote attackers to inject arbitrary web script or HTML via vectors involving a SafeBuffer object that is manipulated through certain methods.",activesupport,">= 3.1.0, < 3.1.4",3.1.4
rubygems,medium,improper neutralization of input during web page generation ('cross-site scripting'),CVE-2012-1098,https://cve.mitre.org/cgi-bin/cvename.cgi?name=CVE-2012-1098,"Cross-site scripting (XSS) vulnerability in Ruby on Rails 3.0.x before 3.0.12, 3.1.x before 3.1.4, and 3.2.x before 3.2.2 allows remote attackers to inject arbitrary web script or HTML via vectors involving a SafeBuffer object that is manipulated through certain methods.",activesupport,">= 3.2.0, < 3.2.2",3.2.2
rubygems,medium,improper neutralization of input during web page generation ('cross-site scripting'),CVE-2011-4319,https://cve.mitre.org/cgi-bin/cvename.cgi?name=CVE-2011-4319,"Cross-site scripting (XSS) vulnerability in the i18n translations helper method in Ruby on Rails 3.0.x before 3.0.11 and 3.1.x before 3.1.2, and the rails_xss plugin in Ruby on Rails 2.3.x, allows remote attackers to inject arbitrary web script or HTML via vectors related to a translations string whose name ends with an ""html"" substring.",rails,">= 3.0.0, < 3.0.11",3.0.11
rubygems,medium,improper neutralization of input during web page generation ('cross-site scripting'),CVE-2011-4319,https://cve.mitre.org/cgi-bin/cvename.cgi?name=CVE-2011-4319,"Cross-site scripting (XSS) vulnerability in the i18n translations helper method in Ruby on Rails 3.0.x before 3.0.11 and 3.1.x before 3.1.2, and the rails_xss plugin in Ruby on Rails 2.3.x, allows remote attackers to inject arbitrary web script or HTML via vectors related to a translations string whose name ends with an ""html"" substring.",rails,">= 3.1.0, < 3.1.2",3.1.2
rubygems,medium,improper input validation,CVE-2011-3187,https://cve.mitre.org/cgi-bin/cvename.cgi?name=CVE-2011-3187,"The to_s method in actionpack/lib/action_dispatch/middleware/remote_ip.rb in Ruby on Rails 3.0.5 does not validate the X-Forwarded-For header in requests from IP addresses on a Class C network, which might allow remote attackers to inject arbitrary text into log files or bypass intended address parsing via a crafted header.",rails,">= 2.0.0, < 4.0.0",4.0.0
rubygems,medium,improper input validation,CVE-2011-3187,https://cve.mitre.org/cgi-bin/cvename.cgi?name=CVE-2011-3187,"The to_s method in actionpack/lib/action_dispatch/middleware/remote_ip.rb in Ruby on Rails 3.0.5 does not validate the X-Forwarded-For header in requests from IP addresses on a Class C network, which might allow remote attackers to inject arbitrary text into log files or bypass intended address parsing via a crafted header.",actionpack,">= 2.3.0, < 2.3.13",2.3.13
rubygems,medium,improper control of generation of code ('code injection'),CVE-2011-3186,https://cve.mitre.org/cgi-bin/cvename.cgi?name=CVE-2011-3186,CRLF injection vulnerability in actionpack/lib/action_controller/response.rb in Ruby on Rails 2.3.x before 2.3.13 allows remote attackers to inject arbitrary HTTP headers and conduct HTTP response splitting attacks via the Content-Type header.,rails,">= 2.3.0, < 2.3.13",2.3.13
rubygems,medium,improper control of generation of code ('code injection'),CVE-2011-3186,https://cve.mitre.org/cgi-bin/cvename.cgi?name=CVE-2011-3186,CRLF injection vulnerability in actionpack/lib/action_controller/response.rb in Ruby on Rails 2.3.x before 2.3.13 allows remote attackers to inject arbitrary HTTP headers and conduct HTTP response splitting attacks via the Content-Type header.,actionpack,">= 2.3.0, < 2.3.13",2.3.13
rubygems,medium,improper neutralization of input during web page generation ('cross-site scripting'),CVE-2011-2932,https://cve.mitre.org/cgi-bin/cvename.cgi?name=CVE-2011-2932,"Cross-site scripting (XSS) vulnerability in activesupport/lib/active_support/core_ext/string/output_safety.rb in Ruby on Rails 2.x before 2.3.13, 3.0.x before 3.0.10, and 3.1.x before 3.1.0.rc5 allows remote attackers to inject arbitrary web script or HTML via a malformed Unicode string, related to a ""UTF-8 escaping vulnerability.""",rails,">= 2.0.0, < 2.3.13",2.3.13
rubygems,medium,improper neutralization of input during web page generation ('cross-site scripting'),CVE-2011-2932,https://cve.mitre.org/cgi-bin/cvename.cgi?name=CVE-2011-2932,"Cross-site scripting (XSS) vulnerability in activesupport/lib/active_support/core_ext/string/output_safety.rb in Ruby on Rails 2.x before 2.3.13, 3.0.x before 3.0.10, and 3.1.x before 3.1.0.rc5 allows remote attackers to inject arbitrary web script or HTML via a malformed Unicode string, related to a ""UTF-8 escaping vulnerability.""",rails,">= 3.0.0, < 3.0.10",3.0.10
rubygems,medium,improper neutralization of input during web page generation ('cross-site scripting'),CVE-2011-2932,https://cve.mitre.org/cgi-bin/cvename.cgi?name=CVE-2011-2932,"Cross-site scripting (XSS) vulnerability in activesupport/lib/active_support/core_ext/string/output_safety.rb in Ruby on Rails 2.x before 2.3.13, 3.0.x before 3.0.10, and 3.1.x before 3.1.0.rc5 allows remote attackers to inject arbitrary web script or HTML via a malformed Unicode string, related to a ""UTF-8 escaping vulnerability.""",rails,">= 3.1.0.rc1, < 3.1.0.rc5",3.1.0.rc5
rubygems,medium,improper neutralization of input during web page generation ('cross-site scripting'),CVE-2011-2932,https://cve.mitre.org/cgi-bin/cvename.cgi?name=CVE-2011-2932,"Cross-site scripting (XSS) vulnerability in activesupport/lib/active_support/core_ext/string/output_safety.rb in Ruby on Rails 2.x before 2.3.13, 3.0.x before 3.0.10, and 3.1.x before 3.1.0.rc5 allows remote attackers to inject arbitrary web script or HTML via a malformed Unicode string, related to a ""UTF-8 escaping vulnerability.""",activesupport,">= 2.0.0, < 2.3.13",2.3.13
rubygems,medium,improper neutralization of input during web page generation ('cross-site scripting'),CVE-2011-2932,https://cve.mitre.org/cgi-bin/cvename.cgi?name=CVE-2011-2932,"Cross-site scripting (XSS) vulnerability in activesupport/lib/active_support/core_ext/string/output_safety.rb in Ruby on Rails 2.x before 2.3.13, 3.0.x before 3.0.10, and 3.1.x before 3.1.0.rc5 allows remote attackers to inject arbitrary web script or HTML via a malformed Unicode string, related to a ""UTF-8 escaping vulnerability.""",activesupport,">= 3.0.0, < 3.0.10",3.0.10
rubygems,medium,improper neutralization of input during web page generation ('cross-site scripting'),CVE-2011-2932,https://cve.mitre.org/cgi-bin/cvename.cgi?name=CVE-2011-2932,"Cross-site scripting (XSS) vulnerability in activesupport/lib/active_support/core_ext/string/output_safety.rb in Ruby on Rails 2.x before 2.3.13, 3.0.x before 3.0.10, and 3.1.x before 3.1.0.rc5 allows remote attackers to inject arbitrary web script or HTML via a malformed Unicode string, related to a ""UTF-8 escaping vulnerability.""",activesupport,">= 3.1.0.rc1, < 3.1.0.rc5",3.1.0.rc5
rubygems,medium,improper neutralization of input during web page generation ('cross-site scripting'),CVE-2011-2931,https://cve.mitre.org/cgi-bin/cvename.cgi?name=CVE-2011-2931,"Cross-site scripting (XSS) vulnerability in the strip_tags helper in actionpack/lib/action_controller/vendor/html-scanner/html/node.rb in Ruby on Rails before 2.3.13, 3.0.x before 3.0.10, and 3.1.x before 3.1.0.rc5 allows remote attackers to inject arbitrary web script or HTML via a tag with an invalid name.",rails,">= 2.0.0, < 2.3.13",2.3.13
rubygems,medium,improper neutralization of input during web page generation ('cross-site scripting'),CVE-2011-2931,https://cve.mitre.org/cgi-bin/cvename.cgi?name=CVE-2011-2931,"Cross-site scripting (XSS) vulnerability in the strip_tags helper in actionpack/lib/action_controller/vendor/html-scanner/html/node.rb in Ruby on Rails before 2.3.13, 3.0.x before 3.0.10, and 3.1.x before 3.1.0.rc5 allows remote attackers to inject arbitrary web script or HTML via a tag with an invalid name.",rails,">= 3.0.0, < 3.0.10",3.0.10
rubygems,medium,improper neutralization of input during web page generation ('cross-site scripting'),CVE-2011-2931,https://cve.mitre.org/cgi-bin/cvename.cgi?name=CVE-2011-2931,"Cross-site scripting (XSS) vulnerability in the strip_tags helper in actionpack/lib/action_controller/vendor/html-scanner/html/node.rb in Ruby on Rails before 2.3.13, 3.0.x before 3.0.10, and 3.1.x before 3.1.0.rc5 allows remote attackers to inject arbitrary web script or HTML via a tag with an invalid name.",rails,">= 3.1.0.rc1, < 3.1.0.rc5",3.1.0.rc5
rubygems,medium,improper neutralization of input during web page generation ('cross-site scripting'),CVE-2011-2931,https://cve.mitre.org/cgi-bin/cvename.cgi?name=CVE-2011-2931,"Cross-site scripting (XSS) vulnerability in the strip_tags helper in actionpack/lib/action_controller/vendor/html-scanner/html/node.rb in Ruby on Rails before 2.3.13, 3.0.x before 3.0.10, and 3.1.x before 3.1.0.rc5 allows remote attackers to inject arbitrary web script or HTML via a tag with an invalid name.",actionpack,">= 2.0.0, < 2.3.13",2.3.13
rubygems,medium,improper neutralization of input during web page generation ('cross-site scripting'),CVE-2011-2931,https://cve.mitre.org/cgi-bin/cvename.cgi?name=CVE-2011-2931,"Cross-site scripting (XSS) vulnerability in the strip_tags helper in actionpack/lib/action_controller/vendor/html-scanner/html/node.rb in Ruby on Rails before 2.3.13, 3.0.x before 3.0.10, and 3.1.x before 3.1.0.rc5 allows remote attackers to inject arbitrary web script or HTML via a tag with an invalid name.",actionpack,">= 3.0.0, < 3.0.10",3.0.10
rubygems,medium,improper neutralization of input during web page generation ('cross-site scripting'),CVE-2011-2931,https://cve.mitre.org/cgi-bin/cvename.cgi?name=CVE-2011-2931,"Cross-site scripting (XSS) vulnerability in the strip_tags helper in actionpack/lib/action_controller/vendor/html-scanner/html/node.rb in Ruby on Rails before 2.3.13, 3.0.x before 3.0.10, and 3.1.x before 3.1.0.rc5 allows remote attackers to inject arbitrary web script or HTML via a tag with an invalid name.",actionpack,">= 3.1.0.rc1, < 3.1.0.rc5",3.1.0.rc5
rubygems,high,improper neutralization of special elements used in an sql command ('sql injection'),CVE-2011-2930,https://cve.mitre.org/cgi-bin/cvename.cgi?name=CVE-2011-2930,"Multiple SQL injection vulnerabilities in the quote_table_name method in the ActiveRecord adapters in activerecord/lib/active_record/connection_adapters/ in Ruby on Rails before 2.3.13, 3.0.x before 3.0.10, and 3.1.x before 3.1.0.rc5 allow remote attackers to execute arbitrary SQL commands via a crafted column name.",rails,">= 2.0.0, < 2.3.13",2.3.13
rubygems,high,improper neutralization of special elements used in an sql command ('sql injection'),CVE-2011-2930,https://cve.mitre.org/cgi-bin/cvename.cgi?name=CVE-2011-2930,"Multiple SQL injection vulnerabilities in the quote_table_name method in the ActiveRecord adapters in activerecord/lib/active_record/connection_adapters/ in Ruby on Rails before 2.3.13, 3.0.x before 3.0.10, and 3.1.x before 3.1.0.rc5 allow remote attackers to execute arbitrary SQL commands via a crafted column name.",rails,">= 3.0.0, < 3.0.10",3.0.10
rubygems,high,improper neutralization of special elements used in an sql command ('sql injection'),CVE-2011-2930,https://cve.mitre.org/cgi-bin/cvename.cgi?name=CVE-2011-2930,"Multiple SQL injection vulnerabilities in the quote_table_name method in the ActiveRecord adapters in activerecord/lib/active_record/connection_adapters/ in Ruby on Rails before 2.3.13, 3.0.x before 3.0.10, and 3.1.x before 3.1.0.rc5 allow remote attackers to execute arbitrary SQL commands via a crafted column name.",rails,">= 3.1.0.rc1, < 3.1.0.rc5",3.1.0.rc5
rubygems,high,improper neutralization of special elements used in an sql command ('sql injection'),CVE-2011-2930,https://cve.mitre.org/cgi-bin/cvename.cgi?name=CVE-2011-2930,"Multiple SQL injection vulnerabilities in the quote_table_name method in the ActiveRecord adapters in activerecord/lib/active_record/connection_adapters/ in Ruby on Rails before 2.3.13, 3.0.x before 3.0.10, and 3.1.x before 3.1.0.rc5 allow remote attackers to execute arbitrary SQL commands via a crafted column name.",activerecord,">= 2.0.0, < 2.3.13",2.3.13
rubygems,high,improper neutralization of special elements used in an sql command ('sql injection'),CVE-2011-2930,https://cve.mitre.org/cgi-bin/cvename.cgi?name=CVE-2011-2930,"Multiple SQL injection vulnerabilities in the quote_table_name method in the ActiveRecord adapters in activerecord/lib/active_record/connection_adapters/ in Ruby on Rails before 2.3.13, 3.0.x before 3.0.10, and 3.1.x before 3.1.0.rc5 allow remote attackers to execute arbitrary SQL commands via a crafted column name.",activerecord,">= 3.0.0, < 3.0.10",3.0.10
rubygems,high,improper neutralization of special elements used in an sql command ('sql injection'),CVE-2011-2930,https://cve.mitre.org/cgi-bin/cvename.cgi?name=CVE-2011-2930,"Multiple SQL injection vulnerabilities in the quote_table_name method in the ActiveRecord adapters in activerecord/lib/active_record/connection_adapters/ in Ruby on Rails before 2.3.13, 3.0.x before 3.0.10, and 3.1.x before 3.1.0.rc5 allow remote attackers to execute arbitrary SQL commands via a crafted column name.",activerecord,">= 3.1.0.rc1, < 3.1.0.rc5",3.1.0.rc5
rubygems,medium,improper input validation,CVE-2011-2929,https://cve.mitre.org/cgi-bin/cvename.cgi?name=CVE-2011-2929,"The template selection functionality in actionpack/lib/action_view/template/resolver.rb in Ruby on Rails 3.0.x before 3.0.10 and 3.1.x before 3.1.0.rc6 does not properly handle glob characters, which allows remote attackers to render arbitrary views via a crafted URL, related to a ""filter skipping vulnerability.""",rails,">= 3.0.0, < 3.0.10",3.0.10
rubygems,medium,improper input validation,CVE-2011-2929,https://cve.mitre.org/cgi-bin/cvename.cgi?name=CVE-2011-2929,"The template selection functionality in actionpack/lib/action_view/template/resolver.rb in Ruby on Rails 3.0.x before 3.0.10 and 3.1.x before 3.1.0.rc6 does not properly handle glob characters, which allows remote attackers to render arbitrary views via a crafted URL, related to a ""filter skipping vulnerability.""",rails,">= 3.1.0.rc1, < 3.1.0.rc6",3.1.0.rc6
rubygems,medium,improper input validation,CVE-2011-2929,https://cve.mitre.org/cgi-bin/cvename.cgi?name=CVE-2011-2929,"The template selection functionality in actionpack/lib/action_view/template/resolver.rb in Ruby on Rails 3.0.x before 3.0.10 and 3.1.x before 3.1.0.rc6 does not properly handle glob characters, which allows remote attackers to render arbitrary views via a crafted URL, related to a ""filter skipping vulnerability.""",actionpack,">= 3.0.0, < 3.0.10",3.0.10
rubygems,medium,improper input validation,CVE-2011-2929,https://cve.mitre.org/cgi-bin/cvename.cgi?name=CVE-2011-2929,"The template selection functionality in actionpack/lib/action_view/template/resolver.rb in Ruby on Rails 3.0.x before 3.0.10 and 3.1.x before 3.1.0.rc6 does not properly handle glob characters, which allows remote attackers to render arbitrary views via a crafted URL, related to a ""filter skipping vulnerability.""",actionpack,">= 3.1.0.rc1, < 3.1.0.rc6",3.1.0.rc6
rubygems,medium,improper neutralization of input during web page generation ('cross-site scripting'),CVE-2011-2197,https://cve.mitre.org/cgi-bin/cvename.cgi?name=CVE-2011-2197,"The cross-site scripting (XSS) prevention feature in Ruby on Rails 2.x before 2.3.12, 3.0.x before 3.0.8, and 3.1.x before 3.1.0.rc2 does not properly handle mutation of safe buffers, which makes it easier for remote attackers to conduct XSS attacks via crafted strings to an application that uses a problematic string method, as demonstrated by the sub method.",rails,">= 2.0.0, < 2.3.11",2.3.12
rubygems,medium,improper neutralization of input during web page generation ('cross-site scripting'),CVE-2011-2197,https://cve.mitre.org/cgi-bin/cvename.cgi?name=CVE-2011-2197,"The cross-site scripting (XSS) prevention feature in Ruby on Rails 2.x before 2.3.12, 3.0.x before 3.0.8, and 3.1.x before 3.1.0.rc2 does not properly handle mutation of safe buffers, which makes it easier for remote attackers to conduct XSS attacks via crafted strings to an application that uses a problematic string method, as demonstrated by the sub method.",rails,">= 3.0.0, < 3.0.7",3.0.8
rubygems,low,na,CVE-2011-0995,https://cve.mitre.org/cgi-bin/cvename.cgi?name=CVE-2011-0995,"The sqlite3-ruby gem in the rubygem-sqlite3 package before 1.2.4-0.5.1 in SUSE Linux Enterprise (SLE) 11 SP1 uses weak permissions for unspecified files, which allows local users to gain privileges via unknown vectors.",sqlite3-ruby,< 1.2.4,1.2.4
rubygems,medium,improper input validation,CVE-2011-0739,https://cve.mitre.org/cgi-bin/cvename.cgi?name=CVE-2011-0739,The deliver function in the sendmail delivery agent (lib/mail/network/delivery_methods/sendmail.rb) in Ruby Mail gem 2.2.14 and earlier allows remote attackers to execute arbitrary commands via shell metacharacters in an e-mail address.,mail,< 2.2.15,2.2.15
rubygems,high,na,CVE-2011-0449,https://cve.mitre.org/cgi-bin/cvename.cgi?name=CVE-2011-0449,"actionpack/lib/action_view/template/resolver.rb in Ruby on Rails 3.0.x before 3.0.4, when a case-insensitive filesystem is used, does not properly implement filters associated with the list of available templates, which allows remote attackers to bypass intended access restrictions via an action name that uses an unintended case for alphabetic characters.",rails," >= 3.0.0, < 3.0.4",3.0.4
rubygems,high,na,CVE-2011-0449,https://cve.mitre.org/cgi-bin/cvename.cgi?name=CVE-2011-0449,"actionpack/lib/action_view/template/resolver.rb in Ruby on Rails 3.0.x before 3.0.4, when a case-insensitive filesystem is used, does not properly implement filters associated with the list of available templates, which allows remote attackers to bypass intended access restrictions via an action name that uses an unintended case for alphabetic characters.",actionpack," >= 3.0.0, < 3.0.4",3.0.4
rubygems,high,improper neutralization of special elements used in an sql command ('sql injection'),CVE-2011-0448,https://cve.mitre.org/cgi-bin/cvename.cgi?name=CVE-2011-0448,"Ruby on Rails 3.0.x before 3.0.4 does not ensure that arguments to the limit function specify integer values, which makes it easier for remote attackers to conduct SQL injection attacks via a non-numeric argument.",rails," >= 3.0.0, < 3.0.4",3.0.4
rubygems,high,improper neutralization of special elements used in an sql command ('sql injection'),CVE-2011-0448,https://cve.mitre.org/cgi-bin/cvename.cgi?name=CVE-2011-0448,"Ruby on Rails 3.0.x before 3.0.4 does not ensure that arguments to the limit function specify integer values, which makes it easier for remote attackers to conduct SQL injection attacks via a non-numeric argument.",activerecord," >= 3.0.0, < 3.0.4",3.0.4
rubygems,medium,na,CVE-2011-0447,https://cve.mitre.org/cgi-bin/cvename.cgi?name=CVE-2011-0447,"Ruby on Rails 2.1.x, 2.2.x, and 2.3.x before 2.3.11, and 3.x before 3.0.4, does not properly validate HTTP requests that contain an X-Requested-With header, which makes it easier for remote attackers to conduct cross-site request forgery (CSRF) attacks via forged (1) AJAX or (2) API requests that leverage ""combinations of browser plugins and HTTP redirects,"" a related issue to CVE-2011-0696.",rails,">= 2.1.0, < 2.3.11",2.3.11
rubygems,medium,na,CVE-2011-0447,https://cve.mitre.org/cgi-bin/cvename.cgi?name=CVE-2011-0447,"Ruby on Rails 2.1.x, 2.2.x, and 2.3.x before 2.3.11, and 3.x before 3.0.4, does not properly validate HTTP requests that contain an X-Requested-With header, which makes it easier for remote attackers to conduct cross-site request forgery (CSRF) attacks via forged (1) AJAX or (2) API requests that leverage ""combinations of browser plugins and HTTP redirects,"" a related issue to CVE-2011-0696.",rails,">= 3.0.0, < 3.0.4",3.0.4
rubygems,medium,improper neutralization of input during web page generation ('cross-site scripting'),CVE-2011-0446,https://cve.mitre.org/cgi-bin/cvename.cgi?name=CVE-2011-0446,"Multiple cross-site scripting (XSS) vulnerabilities in the mail_to helper in Ruby on Rails before 2.3.11, and 3.x before 3.0.4, when javascript encoding is used, allow remote attackers to inject arbitrary web script or HTML via a crafted (1) name or (2) email value.",rails,< 2.3.11,2.3.11
rubygems,medium,improper neutralization of input during web page generation ('cross-site scripting'),CVE-2011-0446,https://cve.mitre.org/cgi-bin/cvename.cgi?name=CVE-2011-0446,"Multiple cross-site scripting (XSS) vulnerabilities in the mail_to helper in Ruby on Rails before 2.3.11, and 3.x before 3.0.4, when javascript encoding is used, allow remote attackers to inject arbitrary web script or HTML via a crafted (1) name or (2) email value.",rails,">= 3.0.0, < 3.0.4",3.0.4
npm,medium,improper neutralization of input during web page generation ('cross-site scripting'),CVE-2010-5312,https://cve.mitre.org/cgi-bin/cvename.cgi?name=CVE-2010-5312,Cross-site scripting (XSS) vulnerability in jquery.ui.dialog.js in the Dialog widget in jQuery UI before 1.10.0 allows remote attackers to inject arbitrary web script or HTML via the title option.,jquery-ui,">= 1.7.0, < 1.10.0",1.10.0
rubygems,medium,improper input validation,CVE-2010-3933,https://cve.mitre.org/cgi-bin/cvename.cgi?name=CVE-2010-3933,"Ruby on Rails 2.3.9 and 3.0.0 does not properly handle nested attributes, which allows remote attackers to modify arbitrary records by changing the names of parameters for form inputs.",rails,">= 2.3.9, < 2.3.10",2.3.10
rubygems,medium,improper input validation,CVE-2010-3933,https://cve.mitre.org/cgi-bin/cvename.cgi?name=CVE-2010-3933,"Ruby on Rails 2.3.9 and 3.0.0 does not properly handle nested attributes, which allows remote attackers to modify arbitrary records by changing the names of parameters for form inputs.",rails,">= 3.0.0, < 3.0.1",3.0.1
rubygems,medium,improper input validation,CVE-2009-4492,https://cve.mitre.org/cgi-bin/cvename.cgi?name=CVE-2009-4492,"WEBrick 1.3.1 in Ruby 1.8.6 through patchlevel 383, 1.8.7 through patchlevel 248, 1.8.8dev, 1.9.1 through patchlevel 376, and 1.9.2dev writes data to a log file without sanitizing non-printable characters, which might allow remote attackers to modify a window's title, or possibly execute arbitrary commands or overwrite files, via an HTTP request containing an escape sequence for a terminal emulator.",webrick,<= 1.3.1,
rubygems,medium,improper neutralization of input during web page generation ('cross-site scripting'),CVE-2009-4214,https://cve.mitre.org/cgi-bin/cvename.cgi?name=CVE-2009-4214,"Cross-site scripting (XSS) vulnerability in the strip_tags function in Ruby on Rails before 2.2.s, and 2.3.x before 2.3.5, allows remote attackers to inject arbitrary web script or HTML via vectors involving non-printing ASCII characters, related to HTML::Tokenizer and actionpack/lib/action_controller/vendor/html-scanner/html/node.rb.",rails,< 2.2.2,2.2.2
rubygems,medium,improper neutralization of input during web page generation ('cross-site scripting'),CVE-2009-4214,https://cve.mitre.org/cgi-bin/cvename.cgi?name=CVE-2009-4214,"Cross-site scripting (XSS) vulnerability in the strip_tags function in Ruby on Rails before 2.2.s, and 2.3.x before 2.3.5, allows remote attackers to inject arbitrary web script or HTML via vectors involving non-printing ASCII characters, related to HTML::Tokenizer and actionpack/lib/action_controller/vendor/html-scanner/html/node.rb.",rails,">= 2.3.0, < 2.3.5",2.3.5
rubygems,high,improper input validation,CVE-2009-3287,https://cve.mitre.org/cgi-bin/cvename.cgi?name=CVE-2009-3287,"lib/thin/connection.rb in Thin web server before 1.2.4 relies on the X-Forwarded-For header to determine the IP address of the client, which allows remote attackers to spoof the IP address and hide activities via a modified X-Forwarded-For header.",thin,< 1.2.4,1.2.4
rubygems,medium,information exposure,CVE-2009-3086,https://cve.mitre.org/cgi-bin/cvename.cgi?name=CVE-2009-3086,"A certain algorithm in Ruby on Rails 2.1.0 through 2.2.2, and 2.3.x before 2.3.4, leaks information about the complexity of message-digest signature verification in the cookie store, which might allow remote attackers to forge a digest via multiple attempts.",rails,">= 2.1.0, < 2.2.3",2.2.3
rubygems,medium,information exposure,CVE-2009-3086,https://cve.mitre.org/cgi-bin/cvename.cgi?name=CVE-2009-3086,"A certain algorithm in Ruby on Rails 2.1.0 through 2.2.2, and 2.3.x before 2.3.4, leaks information about the complexity of message-digest signature verification in the cookie store, which might allow remote attackers to forge a digest via multiple attempts.",rails,">= 2.3.0, < 2.3.4",2.3.4
rubygems,medium,improper neutralization of input during web page generation ('cross-site scripting'),CVE-2009-3009,https://cve.mitre.org/cgi-bin/cvename.cgi?name=CVE-2009-3009,"Cross-site scripting (XSS) vulnerability in Ruby on Rails 2.x before 2.2.3, and 2.3.x before 2.3.4, allows remote attackers to inject arbitrary web script or HTML by placing malformed Unicode strings into a form helper.",rails,">= 2.0.0, < 2.2.3",2.2.3
rubygems,medium,improper neutralization of input during web page generation ('cross-site scripting'),CVE-2009-3009,https://cve.mitre.org/cgi-bin/cvename.cgi?name=CVE-2009-3009,"Cross-site scripting (XSS) vulnerability in Ruby on Rails 2.x before 2.2.3, and 2.3.x before 2.3.4, allows remote attackers to inject arbitrary web script or HTML by placing malformed Unicode strings into a form helper.",rails,">= 2.3.0, < 2.3.4",2.3.4
rubygems,high,improper authentication,CVE-2009-2422,https://cve.mitre.org/cgi-bin/cvename.cgi?name=CVE-2009-2422,"The example code for the digest authentication functionality (http_authentication.rb) in Ruby on Rails before 2.3.3 defines an authenticate_or_request_with_http_digest block that returns nil instead of false when the user does not exist, which allows context-dependent attackers to bypass authentication for applications that are derived from this example by sending an invalid username without a password.",rails,< 2.3.3,2.3.3
rubygems,medium,improper input validation,CVE-2008-7248,https://cve.mitre.org/cgi-bin/cvename.cgi?name=CVE-2008-7248,"Ruby on Rails 2.1 before 2.1.3 and 2.2.x before 2.2.2 does not verify tokens for requests with certain content types, which allows remote attackers to bypass cross-site request forgery (CSRF) protection for requests to applications that rely on this protection, as demonstrated using text/plain.",rails,">= 2.1.0, < 2.1.3",2.1.3
rubygems,medium,improper input validation,CVE-2008-7248,https://cve.mitre.org/cgi-bin/cvename.cgi?name=CVE-2008-7248,"Ruby on Rails 2.1 before 2.1.3 and 2.2.x before 2.2.2 does not verify tokens for requests with certain content types, which allows remote attackers to bypass cross-site request forgery (CSRF) protection for requests to applications that rely on this protection, as demonstrated using text/plain.",rails,">= 2.2.0, < 2.2.2",2.2.2
rubygems,medium,na,CVE-2008-5189,https://cve.mitre.org/cgi-bin/cvename.cgi?name=CVE-2008-5189,CRLF injection vulnerability in Ruby on Rails before 2.0.5 allows remote attackers to inject arbitrary HTTP headers and conduct HTTP response splitting attacks via a crafted URL to the redirect_to function.,rails,< 2.0.5,2.0.5
rubygems,high,improper neutralization of special elements used in an sql command ('sql injection'),CVE-2008-4094,https://cve.mitre.org/cgi-bin/cvename.cgi?name=CVE-2008-4094,"Multiple SQL injection vulnerabilities in Ruby on Rails before 2.1.1 allow remote attackers to execute arbitrary SQL commands via the (1) :limit and (2) :offset parameters, related to ActiveRecord, ActiveSupport, ActiveResource, ActionPack, and ActionMailer.",rails,< 2.1.1,2.1.1
rubygems,medium,use of externally-controlled format string,CVE-2007-6183,https://cve.mitre.org/cgi-bin/cvename.cgi?name=CVE-2007-6183,"Format string vulnerability in the mdiag_initialize function in gtk/src/rbgtkmessagedialog.c in Ruby-GNOME 2 (aka Ruby/Gnome2) 0.16.0, and SVN versions before 20071127, allows context-dependent attackers to execute arbitrary code via format string specifiers in the message parameter.",gtk2,< 0.17.0,0.17.0
rubygems,medium,concurrent execution using shared resource with improper synchronization ('race condition'),CVE-2007-6077,https://cve.mitre.org/cgi-bin/cvename.cgi?name=CVE-2007-6077,"The session fixation protection mechanism in cgi_process.rb in Rails 1.2.4, as used in Ruby on Rails, removes the :cookie_only attribute from the DEFAULT_SESSION_OPTIONS constant, which effectively causes cookie_only to be applied only to the first instantiation of CgiRequest, which allows remote attackers to conduct session fixation attacks.  NOTE: this is due to an incomplete fix for CVE-2007-5380.",rails,< 1.2.6,1.2.6
rubygems,medium,na,CVE-2007-5380,https://cve.mitre.org/cgi-bin/cvename.cgi?name=CVE-2007-5380,"Session fixation vulnerability in Rails before 1.2.4, as used for Ruby on Rails, allows remote attackers to hijack web sessions via unspecified vectors related to ""URL-based sessions.""",rails,< 1.2.4,1.2.4
rubygems,medium,information exposure,CVE-2007-5379,https://cve.mitre.org/cgi-bin/cvename.cgi?name=CVE-2007-5379,"Rails before 1.2.4, as used for Ruby on Rails, allows remote attackers and ActiveResource servers to determine the existence of arbitrary files and read arbitrary XML files via the Hash.from_xml (Hash#from_xml) method, which uses XmlSimple (XML::Simple) unsafely, as demonstrated by reading passwords from the Pidgin (Gaim) .purple/accounts.xml file.",rails,< 1.2.4,1.2.5
rubygems,medium,improper neutralization of input during web page generation ('cross-site scripting'),CVE-2007-3227,https://cve.mitre.org/cgi-bin/cvename.cgi?name=CVE-2007-3227,Cross-site scripting (XSS) vulnerability in the to_json (ActiveRecord::Base#to_json) function in Ruby on Rails before edge 9606 allows remote attackers to inject arbitrary web script via the input values.,rails,< 1.2.5,1.2.5
rubygems,high,na,CVE-2006-4112,https://cve.mitre.org/cgi-bin/cvename.cgi?name=CVE-2006-4112,"Unspecified vulnerability in the ""dependency resolution mechanism"" in Ruby on Rails 1.1.0 through 1.1.5 allows remote attackers to execute arbitrary Ruby code via a URL that is not properly handled in the routing code, which leads to a denial of service (application hang) or ""data loss,"" a different vulnerability than CVE-2006-4111.",rails,">= 1.1.0, < 1.1.6",1.1.6
rubygems,high,improper control of generation of code ('code injection'),CVE-2006-4111,https://cve.mitre.org/cgi-bin/cvename.cgi?name=CVE-2006-4111,"Ruby on Rails before 1.1.5 allows remote attackers to execute Ruby code with ""severe"" or ""serious"" impact via a File Upload request with an HTTP header that modifies the LOAD_PATH variable, a different vulnerability than CVE-2006-4112.",rails,">= 1.1.0, < 1.1.6",1.1.6
rubygems,high,na,CVE-2006-2582,https://cve.mitre.org/cgi-bin/cvename.cgi?name=CVE-2006-2582,The editing form in RWiki 2.1.0pre1 through 2.1.0 allows remote attackers to execute arbitrary Ruby code via unknown attack vectors.,rwiki,">= 2.1.0pre1, < 2.1.1",2.1.1
